0.25190008 1.9889972 1.4826797
-2.6688879 0.8780039 -0.54608154
-1.067074 1.7483695 1.9890354
2.597615 2.3560622 -3.0987391
2.817563 1.0159162 -2.8343382
-0.337093 2.460791 1.9137008
-1.529052 1.9180882 -0.6291681
2.5423775 1.2990733 2.5376673
1.861052 1.4593197 -2.874631
-1.372299 2.3454924 2.9465828
0.6900898 1.7072262 0.58474785
0.036504723 2.3347974 -2.2971892
-2.1191719 2.1961534 -1.9314448
1.6197077 0.9304625 2.4583995
-0.46874586 1.8882061 2.7956119
0.7300374 0.8862008 -0.044593185
1.1489259 2.693045 2.500447
-0.936514 2.9413555 2.1453862
-2.475036 2.2617834 1.5537473
-1.3015677 0.81683534 -1.4683365
0.17178413 2.3207753 -1.2339602
2.6783457 1.5396429 1.5123018
1.3308531 1.3707186 0.5850563
-1.4707053 1.836196 1.9791313
0.9139742 0.8790365 -2.4987252
-0.39644784 1.2339557 -1.6181326
0.67873275 1.8990886 2.8235722
2.580077 0.878521 -0.16504885
1.1385367 1.772282 -0.94735295
0.2876984 1.7208152 -0.41767257
0.91441935 2.2045045 -2.3893895
-2.595976 2.4652328 -0.27475232
-0.35852563 0.9504699 1.2336434
3.0524335 1.3530725 -1.0185418
-0.67190224 1.6199473 1.1330713
-2.1455307 0.55468935 -0.020551678
2.8664885 1.7928921 -1.1828547
-1.7046753 1.02753 -2.9845378
1.2004857 2.328448 1.5572659
-1.175068 2.457799 0.396854
1.800478 1.6702731 -1.8498207
-2.6005392 0.9480079 2.0644739
-0.2730799 0.8549437 2.350499
-1.2278483 1.1275661 -2.4090347
0.2884854 0.6249104 2.9623194
1.26594 0.6165074 1.3218558
2.2256982 1.8391259 2.1984572
1.6499414 1.4522885 1.565683
0.37822518 0.36894503 -0.5775125
-0.8528958 1.0255029 0.5685445
-1.3003684 2.328734 -2.2256083
2.676897 1.8876586 -2.1990597
1.830191 1.2604117 -0.4140767
0.49659404 1.3570004 1.3476359
-0.1865266 1.1541516 -2.7114947
1.9140449 2.6256275 -2.210029
3.0900474 0.63984877 1.5532556
-0.84917945 1.6140815 -2.5736578
0.8161731 1.3679731 -1.0148984
0.65469384 2.6579804 0.18453732
-1.7146717 2.0107367 0.99315304
-1.9638392 1.2947457 0.54879177
2.1631107 0.68745124 -1.4977083
2.4637287 0.71820843 1.0170553
-2.6428933 2.4066484 -1.343874
1.7965968 2.7558813 -0.38121784
-3.0416317 2.6285715 2.8688996
-2.2857573 1.5791869 0.035489205
1.390936 2.027961 0.053440835
1.0482601 0.34624138 0.50879526
1.4900975 1.0706501 -1.8534957
-2.618021 0.3293981 -1.462526
-2.2122953 1.9146034 2.9548168
-0.16528115 1.3762116 -0.34929448
-0.9030018 2.887382 -0.36035213
-1.0339593 2.8693128 2.2726493
2.9344814 2.9404664 1.6227567
-0.7680103 2.186577 -0.9860236
0.5806657 1.4553154 -2.1730504
-2.995812 1.4284955 0.37694386
2.6420097 2.0234017 0.8718747
-2.0551932 0.38182718 1.0215987
0.71976393 1.447457 2.2487602
-2.6426585 1.5393982 1.294454
1.8545351 1.9845147 1.1877217
-2.9750867 2.2048688 0.27565813
-2.8637278 1.6713333 -2.7164242
-1.0317483 0.9825351 -0.454512
-0.29757312 1.99397 0.28920275
1.8633128 2.3303075 -1.1837904
0.30639148 0.6944117 -1.4506575
2.0856454 0.3718694 -2.987964
-2.1518435 1.3013011 -1.6573229
1.3166916 1.5746454 2.3479073
-3.1209097 1.965774 2.01866
1.8144567 1.8215845 -3.027863
-1.0978948 1.3292559 2.2277935
2.313225 1.7567745 -0.12139231
-2.9489365 0.97273475 -2.0317242
-2.3011081 0.88858753 2.8619041
