0.66856176 0.0100057125 3.1011746
1.2192035 0.010129762 -3.104104
1.9169617 0.009939924 3.1094332
2.4868531 0.010181958 -3.115158
-3.117539 0.009999387 3.117434
-2.5370615 0.010062896 -3.1178107
-1.8585863 0.010162932 3.1151235
-1.2854129 0.009937444 -3.1127756
-0.5941736 0.010145526 3.1072996
-0.037916813 0.010004168 -3.1035995
-2.6000915 0.6774788 -2.0854807
-1.9711884 0.6770544 -2.0868254
-1.3433514 0.677598 -2.0855963
-0.7145777 0.6770048 -2.086734
-0.08673091 0.67758685 -2.085679
0.5420081 0.67713004 -2.0865793
1.1699911 0.67740655 -2.085879
1.7986014 0.6773084 -2.086479
2.4265218 0.6773284 -2.085714
3.0554073 0.67722905 -2.0867977
-2.5342436 0.6951059 -1.0460886
-1.9081708 0.6969811 -1.0423863
-1.2778456 0.69527835 -1.0458052
-0.6511752 0.6966676 -1.042926
-0.021573821 0.6956783 -1.0451999
0.60584 0.6963834 -1.0435771
1.2348703 0.69572484 -1.0448103
1.8623011 0.69662136 -1.043372
2.492006 0.6953246 -1.0455354
3.1183646 0.69697577 -1.042457
-2.5156732 0.66812974 0.0039655645
-1.881436 0.66801953 -0.003835061
-1.2582126 0.6680897 0.0028917333
-0.62597555 0.66793364 -0.0023083403
-0.0003373678 0.66802853 0.0012788245
0.62986076 0.6679689 -0.0012369701
1.2561548 0.6679386 0.0014750868
1.8875697 0.66806364 -0.0026407493
2.5113213 0.66803145 0.0034097321
-3.1378133 0.66807836 -0.004167395
-2.4900832 0.69694304 1.0425748
-1.8638341 0.6951981 1.0458668
-1.2337931 0.6966599 1.0431765
-0.6067218 0.6955554 1.0451298
0.022386584 0.6963557 1.0438269
0.6500208 0.69569826 1.0450677
1.2793329 0.69646657 1.0432739
1.9061614 0.6953258 1.0458908
2.5364423 0.696881 1.0425415
-3.1206071 0.69502914 1.046178
-2.427155 0.6771955 2.086893
-1.7982603 0.67737705 2.0857072
-1.1704947 0.6773082 2.0867393
-0.5417552 0.6773663 2.0859773
0.08626954 0.67721486 2.0865705
0.71486694 0.6775498 2.085907
1.3427727 0.67701083 2.0868533
1.9716179 0.67763394 2.08565
2.5993886 0.67703956 2.0869348
-3.0549545 0.67750794 2.0856712
-2.5128732 0.7030532 3.141072
-1.8855008 0.70299613 -3.1409025
-1.2562732 0.7030936 3.14111
-0.6288118 0.70296293 -3.140939
0.0003759625 0.70307934 3.1410491
0.6277422 0.7030313 -3.140809
1.2570231 0.7029729 3.1410258
1.8844248 0.7031119 -3.1409128
2.5135982 0.7029764 3.1411598
3.141061 0.70305187 -3.1409407
-2.3919973 1.2721016 -2.7826881
-1.7639923 1.2718225 -2.7831626
-1.1352661 1.2721885 -2.7827888
-0.5073198 1.2717944 -2.783086
0.121282265 1.2721956 -2.783002
0.7493803 1.2718202 -2.7827191
1.3778116 1.2721167 -2.7832344
2.00613 1.2719557 -2.7828836
2.634371 1.2719992 -2.7827682
-3.020461 1.2719586 -2.7832744
-2.3096354 1.2764922 -2.092492
-1.6796969 1.2767947 -2.0966587
-1.053057 1.2763606 -2.0921037
-0.42324582 1.2768046 -2.0963335
0.20397387 1.2765421 -2.093154
0.8328083 1.2764921 -2.0946395
1.4611341 1.2768496 -2.0948157
2.0892785 1.2763654 -2.0939677
2.7174625 1.2767441 -2.0941112
-2.936661 1.2765906 -2.095604
-2.670192 1.2731938 -1.3982215
-2.0383985 1.2734438 -1.4054474
-1.4134551 1.2734389 -1.3982505
-0.78222054 1.2732838 -1.4045348
-0.15607207 1.2734685 -1.3997834
0.47351366 1.2734869 -1.4025488
1.1012279 1.2731404 -1.4013832
1.7301133 1.273779 -1.4022876
2.357178 1.2730122 -1.4000828
2.9877656 1.2736923 -1.4044951
-2.4165413 1.2721677 -0.6968989
-1.7909302 1.268598 -0.6816055
-1.1603874 1.2716964 -0.694456
-0.5336755 1.2692984 -0.6849835
0.09555347 1.270796 -0.690768
0.7233329 1.2699747 -0.6872444
1.3523544 1.2707249 -0.6913496
1.9793048 1.2692742 -0.6837991
2.6098287 1.2717754 -0.6957719
-3.0477757 1.2684586 -0.6806114
-2.5128071 1.2747103 -0.012550966
-1.8894985 1.2745781 0.010956718
-1.2569606 1.2747171 -0.009075073
-0.6318122 1.2744733 0.0059170597
-0.0014336263 1.2746288 -0.0035878082
0.62565607 1.2745601 0.0023164642
1.2554029 1.2744782 -0.004129425
1.8813329 1.2747058 0.0072187944
2.5134463 1.2745566 -0.01063906
3.136877 1.2747025 0.012256257
-2.606766 1.2682763 0.68028206
-1.9811668 1.2716147 0.6956894
-1.3504758 1.2688117 0.68244076
-0.7239235 1.2708287 0.69236887
-0.09448664 1.2696276 0.68609685
0.5332365 1.2703308 0.68976486
1.1620959 1.2694408 0.6860043
1.7893351 1.2712151 0.692889
2.419495 1.2684503 0.68169975
3.0452697 1.271928 0.6964396
-2.3593853 1.2737839 1.4043149
-1.7284613 1.2731662 1.3991278
-1.1019543 1.2738878 1.4025507
-0.4726232 1.2732182 1.4007626
0.1551577 1.2737309 1.4016382
0.7841944 1.2735013 1.4001482
1.4109493 1.2734256 1.403588
2.04186 1.2736387 1.3979361
2.6668513 1.2734841 1.4051025
-2.9845061 1.2733685 1.3977582
-2.7181082 1.2766318 2.0952878
-2.0888186 1.2767086 2.093158
-1.4609773 1.2764363 2.09393
-0.83260465 1.2768371 2.094222
-0.2041514 1.2764348 2.0935833
0.42427877 1.2766787 2.0933218
1.0518745 1.2767267 2.0954118
1.6815484 1.2763647 2.0915167
2.3081405 1.2768722 2.0963275
2.9381497 1.2764461 2.0918365
-2.6341963 1.2717553 2.7827466
-2.0059786 1.2718852 2.7823746
-1.3777015 1.2718288 2.7826593
-0.74928397 1.2718934 2.782598
-0.12096727 1.2717106 2.7822807
0.5071664 1.2720486 2.7827983
1.1357846 1.2716099 2.782484
1.7637463 1.2720393 2.7823372
2.3924162 1.2716802 2.7828639
3.0204139 1.2719668 2.7822874
-2.6341968 1.8698386 -2.7827477
-2.0059795 1.8697083 -2.782374
-1.3777021 1.869765 -2.7826605
-0.7492851 1.8697 -2.7825983
-0.12096723 1.8698833 -2.7822807
0.5071645 1.8695446 -2.782799
1.1357852 1.8699843 -2.7824843
1.7637441 1.8695537 -2.7823372
2.3924165 1.8699138 -2.782865
3.0204122 1.8696264 -2.782287
-2.718111 1.8649607 -2.0952928
-2.088816 1.864885 -2.093152
-1.4609782 1.8651571 -2.0939298
-0.83260393 1.8647557 -2.09422
-0.20415173 1.8651587 -2.0935826
0.42428067 1.8649148 -2.0933156
1.0518719 1.8648657 -2.0954173
1.6815526 1.86523 -2.091505
2.3081365 1.8647196 -2.0963356
2.9381537 1.8651485 -2.091826
-2.3593984 1.867794 -1.4043221
-1.728461 1.8684076 -1.399098
-1.1019641 1.867689 -1.4025483
-0.4726264 1.8683563 -1.4007417
0.15514974 1.8678458 -1.4016321
0.78419256 1.8680726 -1.4001228
1.4109379 1.8681524 -1.4035918
2.0418625 1.867934 -1.3978997
2.6668367 1.8680948 -1.4051135
-2.9845033 1.8682044 -1.3977209
-2.6069677 1.8732777 -0.68017274
-1.981438 1.869885 -0.6956673
-1.3506937 1.8727307 -0.68234974
-0.72417974 1.8706839 -0.6923262
-0.09472074 1.8719038 -0.6860229
0.5329841 1.8711851 -0.68971825
1.1618724 1.872098 -0.6859176
1.7890649 1.8702862 -0.69286567
2.4192932 1.8731034 -0.6815898
3.0449908 1.869565 -0.6964288
-2.5083933 1.8668895 0.012851555
-1.8850894 1.8670076 -0.010668612
-1.2525347 1.8668817 0.009387751
-0.62739897 1.8671141 -0.005633791
0.002997009 1.8669691 0.0038970453
0.6300821 1.8670268 -0.0020155406
1.2598184 1.8671199 0.004414691
1.8857636 1.8668808 -0.0069018737
2.517854 1.867042 0.01092292
3.141292 1.8668832 -0.011953455
-2.4168203 1.8695244 0.6969099
-1.7911317 1.8730329 0.6817164
-1.1606607 1.8699905 0.6944751
-0.5338926 1.8723433 0.6850773
0.09529532 1.8708775 0.690808
0.72309864 1.8716792 0.68731904
1.3521025 1.8709441 0.6913976
1.9790796 1.8723733 0.68388253
2.6095603 1.8699075 0.6957986
-3.0479794 1.8731738 0.6807188
-2.6701891 1.8684185 1.3982581
-2.038413 1.8681626 1.4054359
-1.4134524 1.8681737 1.3982877
-0.78223294 1.8683232 1.404529
-0.15607277 1.8681433 1.3998116
0.47350487 1.8681215 1.4025524
1.1012244 1.8684704 1.4014038
1.7301047 1.8678298 1.4022926
2.3571768 1.8685992 1.4001089
2.987753 1.8679154 1.4044899
-2.3096316 1.8650987 2.0925019
-1.679701 1.8647988 2.0966506
-1.0530525 1.86523 2.0921154
-0.4232489 1.8647887 2.096327
0.20397647 1.8650494 2.0931616
0.83280736 1.8651 2.0946386
1.4611348 1.8647429 2.0948184
2.089278 1.8652263 2.0939689
2.7174642 1.8648479 2.0941155
-2.9366634 1.865002 2.0956006
-2.3919988 1.8694904 2.7826889
-1.7639922 1.8697689 2.7831614
-1.1352681 1.8694037 2.7827888
-0.5073193 1.8697968 2.7830858
0.121280275 1.8693966 2.7830014
0.7493805 1.8697712 2.7827191
1.3778102 1.8694754 2.7832341
2.0061293 1.8696358 2.7828827
2.63437 1.8695927 2.7827687
-3.0204616 1.8696328 2.783273
-2.42719 2.4644027 -2.0869384
-1.7982966 2.46422 -2.0857534
-1.1705301 2.4642894 -2.0867848
-0.5417909 2.464231 -2.0860233
0.08623421 2.4643824 -2.0866153
0.7148311 2.4640474 -2.0859535
1.3427378 2.464587 -2.0868976
1.9715818 2.4639628 -2.0856967
2.5993536 2.4645586 -2.0869794
-3.0549908 2.4640887 -2.0857177
-2.4902499 2.4445808 -1.0426683
-1.8639934 2.4463263 -1.0459559
-1.2339579 2.4448645 -1.0432689
-0.6068827 2.4459693 -1.0452198
0.022221845 2.445167 -1.0439196
0.64986193 2.4458282 -1.0451559
1.2791657 2.445055 -1.0433683
1.9060053 2.4462006 -1.045977
2.5362744 2.4446416 -1.042636
-3.1207638 2.4464962 -1.0462648
-2.5171633 2.4734957 -0.004369417
-1.8829284 2.4735427 0.0034299681
-1.2597035 2.473527 -0.0032959965
-0.62747085 2.473641 0.0019018288
-0.0018309776 2.4735763 -0.0016845778
0.62836623 2.473613 0.00083088933
1.2546592 2.4736683 -0.001881718
1.8860781 2.4735086 0.0022360682
2.5098283 2.4735894 -0.0038151862
-3.1393032 2.4734821 0.0037637695
-2.534401 2.4465544 1.0460013
-1.9083388 2.4446816 1.0422919
-1.2780019 2.4463809 1.0457189
-0.6513428 2.4449959 1.0428314
-0.021731988 2.4459805 1.0451121
0.6056744 2.4452796 1.0434837
1.2347095 2.445935 1.0447205
1.8621365 2.44504 1.0432798
2.4918458 2.4463365 1.0454457
3.1181982 2.4446855 1.0423636
-2.6001277 2.46411 2.0854342
-1.9712234 2.4645326 2.0867808
-1.3433875 2.4639907 2.0855496
-0.7146126 2.4645827 2.0866897
-0.08676677 2.4640014 2.0856326
0.5419729 2.464458 2.0865347
1.1699554 2.4641814 2.0858328
1.798566 2.4642797 2.0864334
2.4264858 2.4642599 2.0856678
3.055372 2.4643583 2.0867522
-2.512904 2.4385414 -3.1411092
-1.8855312 2.438594 3.1408656
-1.2563037 2.438502 -3.1411467
-0.6288421 2.4386258 3.140902
0.00034554023 2.4385178 -3.1410859
0.62771183 2.438557 3.140772
1.2569927 2.438624 -3.1410627
1.8843943 2.4384773 3.140876
2.5135677 2.438619 -3.1411967
3.1410306 2.4385388 3.1409035
0.66823965 3.1315732 -3.1015894
1.2189206 3.1314754 3.1037283
1.9166132 3.1316426 -3.109874
2.4865963 3.1314182 3.1148086
-3.1178582 3.1315882 -3.1178458
-2.5373616 3.1315343 3.1174178
-1.8588489 3.1314237 -3.115479
-1.2857636 3.1316638 3.1123326
-0.5944407 3.1314354 -3.1076593
-0.038246226 3.131602 3.1031775
