-2.9890437 1.6990172 -2.4537437
-1.0192125 2.196292 1.4394273
-0.33386475 2.312693 -2.0675235
-2.4738712 2.1120787 2.5113962
2.9794712 0.6763377 -2.101333
1.4831891 1.3706664 1.5483903
-0.7305052 0.21201354 -1.4019914
-2.569454 1.5986146 0.96081746
0.7763657 1.6075506 -0.42861515
-1.4225221 0.540517 -2.3986692
-2.7782152 1.3239657 -0.49927145
-0.90719616 1.6458024 -0.019552499
0.581109 2.0542297 1.3340276
0.33391076 0.51737773 -0.8559959
2.9938886 0.8243431 1.6834147
-1.1140312 2.20735 2.1347818
0.50913286 1.0462713 -2.8452106
1.654402 2.1511014 -2.6965933
-2.592531 2.2855577 -0.8112113
2.0882792 1.9962096 0.7291168
2.1532278 1.662168 2.3516603
2.1885743 2.3251295 -0.7627401
-1.0689673 0.87623274 1.6178383
-0.94875336 2.8895442 -1.0867909
1.7258599 0.95029974 -0.11301546
0.0 0.0 0.0
