0.7853972 0.04941714 -3.1415913
1.5707953 0.04941714 -3.1415913
2.3561935 0.04941714 -3.1415913
3.1415918 0.04941714 -3.1415913
-2.3561954 0.04941714 -3.1415913
-1.5707973 0.04941714 -3.1415913
-0.78539914 0.04941714 -3.1415913
-9.857539e-07 0.04941714 -3.1415913
-2.1416829 0.68467355 -2.1043391
-1.3562849 0.68467355 -2.1043391
-0.5708866 0.68467355 -2.1043391
0.21451153 0.68467355 -2.1043391
0.9999097 0.68467355 -2.1043391
1.7853079 0.68467355 -2.1043391
2.5707061 0.68467355 -2.1043391
-2.927081 0.68467355 -2.1043391
-2.579752 0.6768135 -1.0567588
-1.7943538 0.6768135 -1.0567588
-1.0089557 0.6768135 -1.0567588
-0.22355756 0.6768135 -1.0567588
0.5618406 0.6768135 -1.0567588
1.3472388 0.6768135 -1.0567588
2.132637 0.6768135 -1.0567588
2.918035 0.6768135 -1.0567588
-2.356197 0.6389891 6.8443035e-07
-1.5707989 0.6389891 6.8564754e-07
-0.78540075 0.6389891 6.862952e-07
-2.5634654e-06 0.6389891 6.859941e-07
0.7853956 0.6389891 6.8492056e-07
1.5707937 0.6389891 6.8370315e-07
2.3561919 0.6389891 6.8305525e-07
3.14159 0.6389891 6.833565e-07
-2.1326375 0.67681354 1.056759
-1.3472394 0.67681354 1.056759
-0.5618412 0.67681354 1.056759
0.223557 0.67681354 1.056759
1.0089551 0.67681354 1.056759
1.7943534 0.67681354 1.056759
2.5797515 0.67681354 1.056759
-2.9180357 0.67681354 1.056759
-2.5707061 0.68467355 2.1043394
-1.785308 0.68467355 2.1043394
-0.9999098 0.68467355 2.1043394
-0.21451163 0.68467355 2.1043394
0.57088655 0.68467355 2.1043394
1.3562847 0.68467355 2.1043394
2.1416829 0.68467355 2.1043394
2.927081 0.68467355 2.1043394
-2.3561945 0.74882686 -3.1415925
-1.5707964 0.74882686 -3.1415925
-0.7853982 0.74882686 -3.1415925
-4.618165e-08 0.74882686 -3.1415925
0.7853981 0.74882686 -3.1415925
1.5707963 0.74882686 -3.1415925
2.3561945 0.74882686 -3.1415925
3.1415925 0.74882686 -3.1415925
-2.1559546 1.2852986 -2.7636886
-1.3705565 1.2852986 -2.7636886
-0.5851583 1.2852986 -2.7636886
0.20023987 1.2852986 -2.7636886
0.985638 1.2852986 -2.7636886
1.7710361 1.2852986 -2.7636886
2.5564344 1.2852986 -2.7636886
-2.9413528 1.2852986 -2.7636886
-2.5963244 1.276593 -2.0604496
-1.8109263 1.276593 -2.0604496
-1.0255282 1.276593 -2.0604496
-0.24013 1.276593 -2.0604496
0.5452682 1.276593 -2.0604496
1.3306663 1.276593 -2.0604496
2.1160645 1.276593 -2.0604496
2.9014626 1.276593 -2.0604496
-2.577778 1.2767894 -1.3692199
-1.7923799 1.2767894 -1.3692199
-1.0069817 1.2767894 -1.3692199
-0.22158355 1.2767894 -1.3692199
0.56381464 1.2767894 -1.3692199
1.3492128 1.2767894 -1.3692199
2.134611 1.2767894 -1.3692199
2.9200091 1.2767894 -1.3692199
-2.5033422 1.2616222 -0.6658258
-1.717944 1.2616222 -0.6658258
-0.9325459 1.2616222 -0.6658258
-0.14714773 1.2616222 -0.6658258
0.6382504 1.2616222 -0.6658258
1.4236486 1.2616222 -0.6658258
2.2090468 1.2616222 -0.6658258
2.9944448 1.2616222 -0.6658258
-2.3561904 1.2634829 -3.206489e-07
-1.5707922 1.2634829 -3.2138968e-07
-0.785394 1.2634829 -3.217847e-07
4.1347257e-06 1.2634829 -3.21603e-07
0.7854023 1.2634829 -3.2095065e-07
1.5708004 1.2634829 -3.202094e-07
2.3561985 1.2634829 -3.1981384e-07
-3.1415884 1.2634829 -3.1999602e-07
-2.2090454 1.2616224 0.66582566
-1.4236473 1.2616224 0.66582566
-0.63824916 1.2616224 0.66582566
0.147149 1.2616224 0.66582566
0.93254715 1.2616224 0.66582566
1.7179453 1.2616224 0.66582566
2.5033436 1.2616224 0.66582566
-2.9944437 1.2616224 0.66582566
-2.134611 1.2767894 1.3692199
-1.3492126 1.2767894 1.3692199
-0.5638145 1.2767894 1.3692199
0.22158365 1.2767894 1.3692199
1.0069818 1.2767894 1.3692199
1.79238 1.2767894 1.3692199
2.577778 1.2767894 1.3692199
-2.920009 1.2767894 1.3692199
-2.1160645 1.276593 2.0604496
-1.3306663 1.276593 2.0604496
-0.5452682 1.276593 2.0604496
0.24012999 1.276593 2.0604496
1.0255282 1.276593 2.0604496
1.8109263 1.276593 2.0604496
2.5963244 1.276593 2.0604496
-2.9014626 1.276593 2.0604496
-2.5564344 1.2852986 2.7636886
-1.7710361 1.2852986 2.7636886
-0.985638 1.2852986 2.7636886
-0.20023988 1.2852986 2.7636886
0.5851583 1.2852986 2.7636886
1.3705565 1.2852986 2.7636886
2.1559546 1.2852986 2.7636886
2.9413528 1.2852986 2.7636886
-2.5564344 1.856294 -2.7636886
-1.7710361 1.856294 -2.7636886
-0.985638 1.856294 -2.7636886
-0.20023987 1.856294 -2.7636886
0.5851583 1.856294 -2.7636886
1.3705565 1.856294 -2.7636886
2.1559546 1.856294 -2.7636886
2.9413528 1.856294 -2.7636886
-2.1160645 1.8649998 -2.0604496
-1.3306663 1.8649998 -2.0604496
-0.5452682 1.8649998 -2.0604496
0.24013 1.8649998 -2.0604496
1.0255282 1.8649998 -2.0604496
1.8109263 1.8649998 -2.0604496
2.5963244 1.8649998 -2.0604496
-2.9014626 1.8649998 -2.0604496
-2.134611 1.8648032 -1.3692199
-1.3492128 1.8648032 -1.3692199
-0.56381464 1.8648032 -1.3692199
0.22158355 1.8648032 -1.3692199
1.0069817 1.8648032 -1.3692199
1.7923799 1.8648032 -1.3692199
2.577778 1.8648032 -1.3692199
-2.9200091 1.8648032 -1.3692199
-2.2090468 1.8799704 -0.6658258
-1.4236486 1.8799704 -0.6658258
-0.6382504 1.8799704 -0.6658258
0.14714773 1.8799704 -0.6658258
0.9325459 1.8799704 -0.6658258
1.717944 1.8799704 -0.6658258
2.5033422 1.8799704 -0.6658258
-2.9944448 1.8799704 -0.6658258
-2.3561985 1.8781098 -3.2005423e-07
-1.5708004 1.8781098 -3.2079683e-07
-0.7854023 1.8781098 -3.21191e-07
-4.1351364e-06 1.8781098 -3.2100547e-07
0.785394 1.8781098 -3.2034933e-07
1.5707922 1.8781098 -3.196073e-07
2.3561904 1.8781098 -3.1921365e-07
3.1415884 1.8781098 -3.1939862e-07
-2.5033436 1.8799702 0.66582566
-1.7179453 1.8799702 0.66582566
-0.93254715 1.8799702 0.66582566
-0.147149 1.8799702 0.66582566
0.63824916 1.8799702 0.66582566
1.4236473 1.8799702 0.66582566
2.2090454 1.8799702 0.66582566
2.9944437 1.8799702 0.66582566
-2.577778 1.8648032 1.3692199
-1.79238 1.8648032 1.3692199
-1.0069818 1.8648032 1.3692199
-0.22158365 1.8648032 1.3692199
0.5638145 1.8648032 1.3692199
1.3492126 1.8648032 1.3692199
2.134611 1.8648032 1.3692199
2.920009 1.8648032 1.3692199
-2.5963244 1.8649998 2.0604496
-1.8109263 1.8649998 2.0604496
-1.0255282 1.8649998 2.0604496
-0.24012999 1.8649998 2.0604496
0.5452682 1.8649998 2.0604496
1.3306663 1.8649998 2.0604496
2.1160645 1.8649998 2.0604496
2.9014626 1.8649998 2.0604496
-2.1559546 1.856294 2.7636886
-1.3705565 1.856294 2.7636886
-0.5851583 1.856294 2.7636886
0.20023988 1.856294 2.7636886
0.985638 1.856294 2.7636886
1.7710361 1.856294 2.7636886
2.5564344 1.856294 2.7636886
-2.9413528 1.856294 2.7636886
-2.5707061 2.4569192 -2.1043391
-1.7853079 2.4569192 -2.1043391
-0.9999097 2.4569192 -2.1043391
-0.21451153 2.4569192 -2.1043391
0.5708866 2.4569192 -2.1043391
1.3562849 2.4569192 -2.1043391
2.1416829 2.4569192 -2.1043391
2.927081 2.4569192 -2.1043391
-2.132637 2.4647791 -1.0567588
-1.3472388 2.4647791 -1.0567588
-0.5618406 2.4647791 -1.0567588
0.22355756 2.4647791 -1.0567588
1.0089557 2.4647791 -1.0567588
1.7943538 2.4647791 -1.0567588
2.579752 2.4647791 -1.0567588
-2.918035 2.4647791 -1.0567588
-2.3561919 2.5026035 6.8445047e-07
-1.5707937 2.5026035 6.85668e-07
-0.7853956 2.5026035 6.8631573e-07
2.5644235e-06 2.5026035 6.8601406e-07
0.78540075 2.5026035 6.8493995e-07
1.5707989 2.5026035 6.837227e-07
2.356197 2.5026035 6.830752e-07
-3.14159 2.5026035 6.833766e-07
-2.5797515 2.4647791 1.056759
-1.7943534 2.4647791 1.056759
-1.0089551 2.4647791 1.056759
-0.223557 2.4647791 1.056759
0.5618412 2.4647791 1.056759
1.3472394 2.4647791 1.056759
2.1326375 2.4647791 1.056759
2.9180357 2.4647791 1.056759
-2.1416829 2.4569192 2.1043394
-1.3562847 2.4569192 2.1043394
-0.57088655 2.4569192 2.1043394
0.21451163 2.4569192 2.1043394
0.9999098 2.4569192 2.1043394
1.785308 2.4569192 2.1043394
2.5707061 2.4569192 2.1043394
-2.927081 2.4569192 2.1043394
-2.3561945 2.3927658 -3.1415925
-1.5707963 2.3927658 -3.1415925
-0.7853981 2.3927658 -3.1415925
4.603884e-08 2.3927658 -3.1415925
0.7853982 2.3927658 -3.1415925
1.5707964 2.3927658 -3.1415925
2.3561945 2.3927658 -3.1415925
-3.1415925 2.3927658 -3.1415925
0.78539914 3.0921755 -3.1415913
1.5707973 3.0921755 -3.1415913
2.3561954 3.0921755 -3.1415913
-3.1415918 3.0921755 -3.1415913
-2.3561935 3.0921755 -3.1415913
-1.5707953 3.0921755 -3.1415913
-0.7853972 3.0921755 -3.1415913
9.859741e-07 3.0921755 -3.1415913
