2.052936 0.021990733 1.4157646
1.8737783 0.01421727 1.9056377
1.6451247 0.016729545 2.4449623
1.8226905 0.022688676 2.5786319
2.0975547 0.028957285 2.617193
2.3384564 0.032944463 2.6891463
-2.972599 0.03851231 2.0335963
-2.6664386 0.039435804 2.0456648
-2.13228 0.041791227 1.8294982
-1.413572 0.043374553 1.4294295
-0.7771379 0.044959176 1.1043378
-0.74495184 0.026383981 1.390724
-0.1431774 0.029230244 1.11346
0.21210688 0.041938644 1.0731318
0.517819 0.048597164 1.0802279
0.84498185 0.05367134 1.064095
1.155437 0.057860255 1.0642343
1.5038614 0.05885549 1.0276092
1.7830613 0.051986497 1.0610738
1.9739803 0.037544217 1.1831499
-2.4954174 0.25970715 -2.243692
-2.1816669 0.2560929 -2.2461302
-1.879936 0.25238395 -2.2359552
-1.5911937 0.25095615 -2.2125921
-1.325037 0.25856465 -2.1651454
-1.0672492 0.2743506 -2.106793
-0.80472034 0.29163516 -2.051953
-0.5146081 0.30391338 -2.0247924
-0.19187288 0.31228337 -2.0314052
0.14298879 0.317073 -2.0510485
0.48560554 0.31885162 -2.0800235
0.7878639 0.3237074 -2.068862
1.1735517 0.29633886 -2.146068
1.447402 0.29595315 -2.1032107
1.7803571 0.28510314 -2.122292
2.1735904 0.27117276 -2.2016206
2.5340228 0.26285347 -2.24634
2.8375819 0.27961177 -2.2346227
-3.1367197 0.27552322 -2.2277725
-2.8225448 0.2652861 -2.2276988
-3.039468 0.2728372 -0.88692385
-2.7270176 0.27275193 -0.8801937
-2.4029768 0.27417803 -0.88429606
-2.0721414 0.28053546 -0.8956772
-1.7413539 0.28636625 -0.90911543
-1.4092566 0.28541306 -0.926921
-1.079065 0.28037286 -0.94585866
-0.7546392 0.2727126 -0.96081823
-0.43663627 0.2699557 -0.9708725
-0.1568533 0.2612864 -0.9427149
0.1485729 0.25489578 -0.9374466
0.3773939 0.25261247 -0.8536101
0.6693899 0.25457242 -0.8304814
1.0081196 0.27436817 -0.8644981
1.3590072 0.27316257 -0.9029793
1.6813897 0.2749912 -0.9089344
1.99237 0.28068024 -0.9027049
2.3076973 0.277577 -0.9016278
2.6236274 0.27521953 -0.9012185
2.9351432 0.2737696 -0.8958657
-2.889283 0.32535145 0.120876044
-2.610857 0.31130487 0.16430737
-2.3329024 0.299273 0.20991015
-2.0488129 0.29154542 0.24933673
-1.7604994 0.2850977 0.28468385
-1.4836584 0.28619006 0.3294387
-1.1868958 0.29544315 0.35840312
-0.9069327 0.3035608 0.4007011
-0.6229383 0.31149995 0.43970934
-0.40214983 0.32606888 0.5376155
0.39007804 0.39598015 -0.071083546
0.67019045 0.37037352 -0.032753445
0.9747302 0.3645639 -0.018034838
1.2766479 0.35961848 -0.002097454
1.5813626 0.35625225 0.011862523
1.893079 0.3564569 0.01780693
2.2080176 0.3574035 0.021419501
2.5234816 0.35916975 0.026008628
2.8231966 0.3533076 0.0486026
3.1111999 0.3402756 0.08281238
-2.8830588 0.3373876 1.2401866
-2.5840654 0.3425876 1.2621597
-2.2568152 0.3616649 1.2562901
-1.9390987 0.36757627 1.2605231
-1.625487 0.3784825 1.2670112
-1.312398 0.39850736 1.2737122
-1.0430539 0.42701802 1.329252
-0.32100478 0.31942368 0.8015652
-0.08090737 0.3069973 0.88111144
0.20352678 0.32888594 0.91892374
0.4965441 0.34026882 0.9458278
0.7953211 0.34963825 0.9649579
1.11403 0.3557074 0.9609571
1.4335617 0.3577193 0.95756674
1.7475033 0.35542193 0.9615386
2.0283062 0.34640968 1.0021005
2.2850313 0.3344065 1.0679562
2.5464175 0.3276045 1.1280525
2.8181958 0.32789236 1.1779587
3.1016178 0.33235416 1.2164614
-2.9345155 0.32340643 2.1665595
-2.612807 0.32267985 2.1624868
-2.2519653 0.31937727 2.1213655
-1.9042584 0.31216106 2.0922515
-1.6255904 0.3053386 2.1311142
-1.3501499 0.30048046 2.1818953
-0.9675707 0.3060402 2.111173
-0.6056688 0.3134629 2.0591464
-0.25066367 0.320044 2.0120718
0.09916748 0.3251699 1.9686139
0.41552922 0.32416582 1.9633472
0.72587484 0.3222986 1.9639951
0.9942005 0.31819448 2.0071669
1.2201833 0.31164247 2.093668
1.4570692 0.3054566 2.1701083
1.7299641 0.305161 2.2103615
2.0258603 0.3084739 2.226639
2.3437366 0.31197235 2.2219176
2.6429842 0.3150822 2.236527
3.011033 0.3183003 2.1848547
-2.9424155 0.3371775 3.0496495
-2.6419346 0.33795565 3.0631576
-2.3543441 0.3446795 3.0931087
-2.0163026 0.34162793 3.0757053
-1.6537 0.33519846 3.0253458
-1.3073562 0.32768178 2.99109
-0.9699008 0.31912267 2.966148
-0.6495089 0.3144573 2.9582546
-0.35065597 0.30902302 2.9732747
-0.092195064 0.3061338 3.028676
0.13023062 0.31080535 3.1212142
0.3680986 0.31797653 -3.0843723
0.64906085 0.32403582 -3.049849
0.95320475 0.33008835 -3.037484
1.2816705 0.33407122 -3.0495946
1.5840561 0.33988544 -3.0342278
1.9754696 0.34299707 -3.1158233
2.3091762 0.33449975 -3.1321218
2.6202142 0.3361073 -3.1308236
2.989189 0.3375831 3.0911338
-2.6321473 0.5377026 -2.5975118
-2.2927043 0.52744776 -2.6246145
-1.9660604 0.521079 -2.636636
-1.6487582 0.5136877 -2.6372886
-1.3312362 0.5074917 -2.638504
-1.0176998 0.5052462 -2.6368701
-0.7266252 0.51038164 -2.6137726
-0.4621543 0.5241875 -2.5631397
-0.19325338 0.53777486 -2.517272
0.10328595 0.54820305 -2.5018754
0.4113499 0.5580394 -2.4981318
0.7341061 0.56272155 -2.5098498
1.0436615 0.57335943 -2.50801
1.3887719 0.5534972 -2.5464964
1.7235025 0.5464862 -2.5667992
2.0196965 0.54324204 -2.5476153
2.3679733 0.5345299 -2.5834522
2.7065613 0.5315642 -2.604334
3.0263376 0.5395899 -2.6074913
-2.9535232 0.54586214 -2.5920982
-2.8780193 0.6033363 -2.0779128
-2.5537777 0.5951022 -2.0852883
-2.2359776 0.59151816 -2.0842865
-1.9218732 0.58712566 -2.0790164
-1.614756 0.58091515 -2.0662045
-1.3235555 0.5817116 -2.0363367
-1.0486282 0.5909698 -1.9897898
-0.77104396 0.6002669 -1.9481473
-0.46899906 0.6069589 -1.9366192
-0.15371317 0.61323804 -1.9400239
0.17715639 0.6198546 -1.9618446
0.48863754 0.61985236 -1.9588382
0.84219444 0.634294 -2.0139036
1.1542305 0.601919 -2.0116625
1.4334289 0.5981809 -1.9764552
1.7849388 0.60128987 -2.029171
2.1190515 0.5985559 -2.0584211
2.441818 0.5978639 -2.066704
2.754379 0.60963285 -2.0608718
3.0764768 0.6115205 -2.0657556
-2.8692696 0.4582722 -1.565926
-2.5532053 0.45864597 -1.5571332
-2.2456 0.46326664 -1.5377923
-1.9497436 0.47678164 -1.5053337
-1.6675067 0.4964052 -1.4624346
-1.3981187 0.515517 -1.413682
-1.1202234 0.52527106 -1.3794711
-0.818484 0.5264533 -1.3741243
-0.5040057 0.5229777 -1.3840666
-0.17739274 0.5177137 -1.4099644
0.10603765 0.5185246 -1.3871173
0.48239094 0.4948985 -1.47651
0.72518086 0.49724635 -1.4092853
1.0146924 0.47319958 -1.3945346
1.4073651 0.45430967 -1.4815669
1.7922575 0.4491177 -1.5489029
2.117575 0.45891362 -1.5507047
2.4437258 0.4632808 -1.5565586
2.7693398 0.46282846 -1.5638669
3.092897 0.45985726 -1.5674827
-2.8424478 0.58296496 -1.0068874
-2.547601 0.57983935 -0.9751418
-2.259452 0.5828987 -0.9320968
-1.9769043 0.5965601 -0.8808565
-1.6883497 0.6108986 -0.83938533
-1.3818648 0.6130241 -0.8222314
-1.0647156 0.60629004 -0.8185645
-0.7397143 0.5939462 -0.8243668
-0.43701234 0.5937754 -0.80316406
-0.09358562 0.5643047 -0.8315732
0.18366 0.56958437 -0.7768479
0.4609681 0.56363386 -0.7156989
0.946474 0.6743704 -1.0832454
1.2687536 0.623951 -1.0803415
1.559778 0.60473967 -1.0499208
1.8683223 0.5987694 -1.0371467
2.187899 0.5965088 -1.0363892
2.5070481 0.5921166 -1.0363374
2.824391 0.58918244 -1.0342547
3.1367755 0.5867123 -1.0260043
-2.8516257 0.5675666 -0.4329921
-2.564493 0.556241 -0.39592612
-2.2720058 0.5384535 -0.36166245
-1.9704869 0.51684856 -0.33618096
-1.6610792 0.4991515 -0.32064646
-1.350207 0.48511764 -0.3069372
-1.0419985 0.47543675 -0.29112586
-0.7423501 0.47033283 -0.26657388
-0.4342581 0.46859792 -0.24929334
-0.15108928 0.47269684 -0.20033854
0.17970823 0.46200436 -0.19211641
0.7423989 0.5888066 -0.6332867
0.9964593 0.5777688 -0.55326486
1.2915295 0.5760702 -0.5267475
1.6040868 0.57976836 -0.520165
1.9166917 0.5758345 -0.5154335
2.2300324 0.57327425 -0.51259845
2.5416098 0.5728059 -0.50737506
2.8484912 0.57443273 -0.4955903
-3.138877 0.5740689 -0.4692056
-2.79427 0.66044325 0.08251357
-2.4967704 0.652282 0.10969451
-2.191077 0.646337 0.12731902
-1.8796167 0.6432225 0.13644944
-1.5675459 0.64135945 0.14423199
-1.2592307 0.6423887 0.15641381
-0.94576454 0.6451253 0.16576838
-0.6458711 0.647527 0.19292176
-0.34366477 0.6392171 0.22785215
0.021387339 0.6602354 0.16794442
0.49921468 0.69430673 -0.07268023
0.7705111 0.68041694 -0.03351488
1.0915724 0.68513113 -0.05379822
1.3990915 0.6826524 -0.052481763
1.7078402 0.681244 -0.05089036
2.0188258 0.68193746 -0.05088167
2.328601 0.683893 -0.04754743
2.6313143 0.6864309 -0.03267304
2.918782 0.6817112 0.0037682895
-3.0823197 0.67120343 0.046471637
-2.8402681 0.5430693 0.61784214
-2.539731 0.54135543 0.63639325
-2.231494 0.5415709 0.6463327
-1.9264854 0.5459759 0.6584685
-1.616881 0.5559631 0.6687278
-1.3118474 0.5688297 0.68390936
-1.0168949 0.5829453 0.7100337
-0.74314374 0.60752624 0.755686
-0.3943666 0.60882485 0.70181453
0.10148791 0.59151256 0.44375116
0.37173328 0.56813616 0.48738244
0.71407956 0.57023066 0.45392725
1.0373842 0.5696673 0.44935662
1.3559679 0.5709255 0.45020658
1.6786218 0.5737146 0.44704813
1.9988328 0.57529205 0.44721797
2.3080852 0.5746146 0.4615455
2.5910566 0.566485 0.50538903
2.8650491 0.55585563 0.5551353
-3.13354 0.54769826 0.59130347
-2.966131 0.6428668 1.1924812
-2.6502488 0.6485216 1.1928135
-2.33393 0.6610292 1.1929076
-2.0151825 0.67060727 1.194116
-1.6936874 0.6828902 1.190854
-1.3772628 0.7045907 1.1912189
-1.0747805 0.7337932 1.2069966
-0.74645036 0.71368164 1.177595
-0.335165 0.6183022 1.0097781
-0.045165263 0.6445376 1.0429574
0.2851186 0.6438672 1.0260017
0.6154754 0.6515008 1.0130653
0.9341688 0.6554173 1.0121955
1.2565714 0.65814936 1.007585
1.5755922 0.6570171 1.0075037
1.8763113 0.64960927 1.029732
2.1469514 0.6387403 1.0863713
2.4153466 0.63188434 1.1421407
2.7061124 0.63293076 1.1700041
3.0081186 0.6376212 1.1846617
-2.8581476 0.58735585 1.6805785
-2.5339723 0.59787625 1.6777542
-2.2039275 0.6031599 1.6683971
-1.8695039 0.61579037 1.655434
-1.5386748 0.63621587 1.647044
-1.2145561 0.682369 1.6550388
-0.8909311 0.46172136 1.5255562
-0.5456386 0.48424274 1.5005507
-0.22701988 0.51750183 1.5121335
0.100560896 0.54691505 1.5051636
0.41232547 0.5710188 1.5036186
0.7322026 0.57125086 1.4977567
1.0494032 0.5719573 1.495036
1.3501735 0.56744397 1.511124
1.617798 0.5592767 1.5650278
1.8721881 0.55162084 1.6329114
2.156077 0.5516273 1.6702825
2.4593053 0.5585219 1.6869731
2.7734096 0.56796443 1.69218
3.095241 0.574191 1.69041
-2.783323 0.60910225 2.1826966
-2.4453115 0.60331607 2.164826
-2.1078606 0.5977622 2.147996
-1.7635783 0.5926545 2.1193268
-1.4627197 0.60225916 2.1318214
-1.0875769 0.60336006 2.0400434
-0.79057646 0.61343926 2.0514605
-0.48514143 0.6137589 2.0606327
-0.15565701 0.6172186 2.0412323
0.16289848 0.6154451 2.0400643
0.47958264 0.6134505 2.038461
0.7841156 0.61312693 2.0467343
1.0552119 0.60922766 2.0901544
1.2966831 0.60060275 2.167414
1.5687792 0.59604055 2.2139974
1.868944 0.59809524 2.2294586
2.1838803 0.6007127 2.2291415
2.5086179 0.6045897 2.2184784
2.8414454 0.60261714 2.2024047
-3.1138027 0.6066716 2.1932669
-3.0271509 0.5886911 2.6811411
-2.6958306 0.591858 2.6644473
-2.3661733 0.58721125 2.6506703
-2.0514612 0.5850662 2.6493034
-1.7187208 0.58552456 2.6306007
-1.3779031 0.5798546 2.588261
-1.0631542 0.5811452 2.5838587
-0.74065953 0.5758429 2.57628
-0.41654843 0.56906855 2.5657747
-0.10276409 0.5658611 2.5685146
0.20259866 0.5585378 2.5774603
0.4802058 0.55264705 2.6133873
0.72722065 0.55493563 2.6815977
1.0003376 0.56198716 2.7266574
1.2990444 0.56769985 2.7470236
1.6138514 0.57173413 2.7492921
1.9358336 0.5700165 2.7431545
2.2717144 0.5842453 2.7201846
2.5989645 0.58016527 2.7095084
2.924027 0.5800079 2.6997304
-2.9039361 0.6498205 -3.1350162
-2.5916145 0.6489159 -3.1316717
-2.2676406 0.64583254 -3.138551
-1.9268509 0.6462142 3.1150465
-1.6063093 0.63971245 3.1030426
-1.2926326 0.6299198 3.1022875
-0.975036 0.6235647 3.0976746
-0.66075325 0.62161595 3.096166
-0.35455307 0.6210901 3.1025312
-0.07286748 0.6200535 3.1349118
0.18609554 0.62550473 -3.0914693
0.4693252 0.63079435 -3.0598402
0.76971126 0.6335663 -3.0429373
1.0865735 0.63802856 -3.0417461
1.4041262 0.64215755 -3.042424
1.7440798 0.649027 -3.071987
2.0771475 0.65361947 -3.089896
2.3919382 0.64730144 -3.0876565
2.724741 0.64962924 -3.1089141
3.0549848 0.6506928 -3.1251738
-2.675541 0.8171221 -2.7534993
-2.3496983 0.806564 -2.7636714
-2.0243895 0.8010662 -2.7751987
-1.711316 0.79521257 -2.7705333
-1.3990725 0.7872779 -2.7639105
-1.0815269 0.78364074 -2.7651558
-0.7657203 0.7863353 -2.7671034
-0.46476966 0.79554737 -2.7553453
-0.18243746 0.8120576 -2.723432
0.11456527 0.82398605 -2.7110946
0.4199239 0.8362378 -2.7092125
0.7315146 0.8429078 -2.7135887
1.0444278 0.8529812 -2.7176592
1.3655314 0.8436122 -2.7270253
1.6867663 0.8319528 -2.735255
2.0006325 0.8293574 -2.730025
2.3229923 0.81862986 -2.7362146
2.6489344 0.8143418 -2.7454112
2.9723988 0.8171281 -2.7534292
-2.993278 0.82171947 -2.7540605
-2.7690513 0.84293103 -2.3579078
-2.448634 0.8312021 -2.3649476
-2.133414 0.82624006 -2.365784
-1.821031 0.82352775 -2.361182
-1.5060512 0.8152841 -2.3568623
-1.1907704 0.805817 -2.3525164
-0.8852611 0.8036556 -2.337891
-0.5911573 0.81289583 -2.3107145
-0.28502238 0.82638943 -2.2993035
0.029360436 0.8352128 -2.2991612
0.34963796 0.8469719 -2.3078933
0.66470814 0.8474957 -2.3099492
0.9898535 0.8726816 -2.3337185
1.2998799 0.8416724 -2.3301303
1.6032401 0.8261154 -2.318312
1.9228728 0.84022033 -2.332967
2.2433302 0.837773 -2.3444276
2.5631068 0.8349639 -2.351163
2.8805437 0.84113187 -2.3544164
-3.0875604 0.84841764 -2.3540041
-2.8332856 0.90019643 -1.9718312
-2.5196595 0.8935936 -1.9709916
-2.2061563 0.89224696 -1.9706551
-1.8927402 0.89057887 -1.9700298
-1.5826343 0.886204 -1.9644526
-1.279113 0.8870707 -1.9505974
-0.97970015 0.8946594 -1.9315523
-0.67026097 0.9021362 -1.9240148
-0.35427475 0.90713 -1.9237267
-0.03212694 0.9133627 -1.9314967
0.28912133 0.9194875 -1.9373646
0.6112186 0.9225865 -1.9468092
0.9412035 0.93892753 -1.9725533
1.2224698 0.9028189 -1.9274638
1.5430124 0.90825963 -1.9465215
1.8614144 0.9060017 -1.9558142
2.175794 0.8972555 -1.9583174
2.4919815 0.8978576 -1.9623656
2.8122582 0.9062385 -1.9666619
3.1326318 0.90680826 -1.9698776
-2.7049294 0.73732525 -1.5953017
-2.384598 0.73753816 -1.594242
-2.066036 0.74335164 -1.5902941
-1.7579601 0.76025844 -1.5733349
-1.4615176 0.78400373 -1.5479089
-1.1669096 0.80028385 -1.5271158
-0.8636533 0.803358 -1.5220629
-0.55562735 0.8018601 -1.5238138
-0.23820165 0.7972046 -1.5374553
0.07684111 0.79688835 -1.5466374
0.39524147 0.78403443 -1.5604981
0.73768115 0.77924603 -1.6120096
0.9849462 0.76592433 -1.5321689
1.3263191 0.7485965 -1.5754849
1.648085 0.7397415 -1.5860049
1.9627855 0.7381852 -1.5814265
2.280822 0.74500453 -1.5792434
2.6075122 0.74751663 -1.5872785
2.93543 0.743981 -1.5960096
-3.02394 0.7395421 -1.5986886
-2.8113663 0.84247315 -1.2138083
-2.4972687 0.8314858 -1.2054112
-2.190849 0.82347155 -1.1870084
-1.8922226 0.8247443 -1.1572267
-1.5946138 0.8323216 -1.127281
-1.2896745 0.8347929 -1.1093946
-0.97663105 0.83001953 -1.1032319
-0.6552074 0.8196265 -1.1066953
-0.33222836 0.8071178 -1.1119298
-0.011440017 0.79759103 -1.1098322
0.33122393 0.7600909 -1.1406655
0.5979272 0.7572784 -1.0628967
0.9276294 0.95185965 -1.2239217
1.253395 0.91442484 -1.2357421
1.5657743 0.8870757 -1.2311958
1.8715712 0.8704074 -1.2158625
2.1917508 0.86264706 -1.2154871
2.515406 0.85649407 -1.2189518
2.8379695 0.85171896 -1.2225295
-3.1274729 0.84898937 -1.2198201
-2.8987935 0.85299456 -0.7896036
-2.597745 0.8501827 -0.76828885
-2.2968996 0.8587522 -0.74492204
-1.9884214 0.8828537 -0.72649366
-1.6733263 0.90458804 -0.71460253
-1.3562113 0.90977603 -0.7092294
-1.0345639 0.9053039 -0.712798
-0.7145769 0.89662254 -0.71481466
-0.39373204 0.89514357 -0.7165241
-0.068254344 0.86645913 -0.72708887
0.21223257 0.87403077 -0.6760543
0.5281513 0.87286425 -0.6799164
0.89268225 0.9106775 -0.83563125
1.2022088 0.87051064 -0.8264174
1.4983774 0.86241555 -0.8039391
1.8134437 0.862307 -0.8047123
2.1303294 0.86012614 -0.8059982
2.4482849 0.85761064 -0.80850935
2.763811 0.8557634 -0.80715066
3.0766957 0.855687 -0.80210805
-3.0121658 0.8721755 -0.39922586
-2.7145033 0.8588459 -0.37686875
-2.4065447 0.83898014 -0.3645944
-2.0923822 0.8170708 -0.35906217
-1.7785871 0.79755116 -0.35576642
-1.4623134 0.78106457 -0.35532632
-1.1430742 0.7674227 -0.3594055
-0.8340443 0.7629684 -0.3498981
-0.50852424 0.74812526 -0.36273623
-0.21774383 0.7536716 -0.32450894
0.076771386 0.75378394 -0.2832642
0.40606835 0.79152405 -0.3049584
0.8050348 0.87051576 -0.46876246
1.0850135 0.86797255 -0.4207287
1.4029652 0.8822824 -0.4272297
1.7199751 0.8814604 -0.42912745
2.0369217 0.8784928 -0.43162945
2.3523493 0.8784295 -0.43310764
2.664764 0.8793123 -0.43011665
2.9725294 0.87878805 -0.42071712
-2.8279498 0.9543127 -0.015488674
-2.5196807 0.941415 -0.0077698585
-2.2075965 0.93219566 -0.0044976
-1.8966447 0.9277641 -0.0014203173
-1.5858992 0.9243331 -0.0010146021
-1.274485 0.91957885 -0.003180281
-0.9638325 0.91555214 0.000621977
-0.64711565 0.9089416 -0.0059133326
-0.34984496 0.9066407 0.031056097
-0.03915528 0.9304631 0.038823616
0.28744975 0.96636516 0.02485259
0.65431315 0.97950757 -0.058730848
0.9726056 0.9856439 -0.061510626
1.2987989 0.9873148 -0.075038224
1.6175374 0.9872769 -0.07963759
1.9352485 0.9869874 -0.08310638
2.251315 0.98865044 -0.084688
2.561872 0.98950803 -0.078913026
2.8626552 0.9819886 -0.061079063
-3.127598 0.968411 -0.033899665
-2.846223 0.8635582 0.39396027
-2.535025 0.8621896 0.40401363
-2.2213197 0.8612317 0.4111777
-1.9061052 0.86100435 0.4161436
-1.5933882 0.86243564 0.4239623
-1.2839433 0.86493725 0.43686074
-0.972953 0.8685553 0.4459543
-0.6698887 0.87245893 0.46738303
-0.35489306 0.8769858 0.46519628
-0.016197676 0.88533205 0.42177057
0.35676327 0.8708692 0.3215259
0.6834354 0.8730753 0.29889762
1.0100487 0.8815193 0.2803916
1.3277421 0.8847551 0.27378333
1.6420834 0.88706756 0.27098432
1.9556062 0.88965046 0.26885325
2.2626321 0.8908643 0.27500343
2.5540593 0.8856663 0.3044531
2.8360915 0.87382734 0.34939888
3.130673 0.8660508 0.37878552
-2.8556483 0.8097806 0.8060926
-2.5493305 0.8120644 0.8103727
-2.2395706 0.8172743 0.8119871
-1.9285964 0.82502735 0.8159587
-1.6182506 0.83903956 0.82339346
-1.3030685 0.8602506 0.8274043
-0.9959948 0.8908006 0.843176
-0.67956597 0.9187756 0.84721726
-0.3573039 0.9034701 0.82675475
-0.006851055 0.8518943 0.7467659
0.3321891 0.8273658 0.69603306
0.67913276 0.8195096 0.66822565
1.0109268 0.82484305 0.65773904
1.335791 0.8265303 0.65427727
1.661071 0.82829785 0.65159816
1.9801366 0.82690215 0.65895593
2.2739596 0.8219952 0.69773066
2.5442827 0.816261 0.75520295
2.8275142 0.81065005 0.7867255
3.1250641 0.8090732 0.79880244
-2.8536818 0.93735516 1.236655
-2.5386112 0.9448912 1.2354152
-2.2210333 0.95423084 1.2330486
-1.9026093 0.9660605 1.2281288
-1.5842662 0.98267776 1.2195184
-1.2708211 1.0093356 1.2152865
-0.9506898 1.0254573 1.2021031
-0.63826376 0.9963589 1.1954601
-0.33838233 0.9024759 1.183517
-0.054174416 0.89329493 1.2472895
0.25854367 0.88156635 1.2712842
0.57439184 0.88941145 1.2723817
0.8914652 0.8901142 1.2730148
1.2085663 0.89018565 1.2715225
1.5260023 0.889181 1.2671037
1.8501927 0.8960878 1.2517622
2.1763499 0.9126151 1.23204
2.492771 0.92399454 1.2258997
2.803535 0.9289131 1.2307944
3.1151934 0.9329502 1.2358814
-2.9635456 0.868392 1.602903
-2.6455836 0.87872213 1.6016268
-2.324679 0.8856106 1.5972865
-2.0021815 0.89350253 1.5897794
-1.679012 0.90942615 1.581162
-1.360691 0.9346075 1.5808775
-1.0136487 0.9565127 1.5514969
-0.7609867 0.7544273 1.527591
-0.46723476 0.7714547 1.5633832
-0.17230844 0.8008283 1.6226459
0.13140206 0.8497141 1.6464152
0.45460767 0.85229933 1.6444265
0.77358633 0.8529872 1.6464782
1.091516 0.85207355 1.6467829
1.414742 0.8465025 1.6365602
1.7479365 0.8426499 1.6114584
2.0739722 0.8424178 1.5925019
2.3860254 0.84758437 1.5917122
2.6941698 0.8548154 1.5978551
3.0050423 0.86088604 1.6028441
-2.7794268 0.87132496 1.9935638
-2.459692 0.8711773 1.9881532
-2.1402464 0.8718661 1.9818712
-1.8231146 0.87530965 1.9748998
-1.5232292 0.8942325 1.9875246
-1.178509 0.87121415 1.9332217
-0.85554564 0.89274794 1.9082909
-0.59110105 0.90156996 1.9701529
-0.2865094 0.9056108 1.9896315
0.027129166 0.9013535 2.0118783
0.3505999 0.8990341 2.0141957
0.66902214 0.9000689 2.0193913
0.98875487 0.89562994 2.0206425
1.3146356 0.87305546 2.0079086
1.6338205 0.84850544 1.9935654
1.9440963 0.8432909 1.9892211
2.2505076 0.8478872 1.9920888
2.5590973 0.8557932 1.9950342
2.8720055 0.86025816 1.9962798
-3.0956419 0.8660834 1.9950422
-2.9002304 0.88001996 2.4039788
-2.5841594 0.8764281 2.396011
-2.2690558 0.87075233 2.3892462
-1.954855 0.8640771 2.3819602
-1.643624 0.8734576 2.3820863
-1.309653 0.850899 2.3431706
-1.0069959 0.8627539 2.3509457
-0.70744026 0.86370635 2.3732953
-0.39636207 0.855653 2.3838124
-0.08164871 0.85526353 2.3955054
0.23671569 0.851803 2.3987186
0.5492995 0.8490794 2.4064631
0.85385424 0.8541807 2.4210014
1.1619692 0.86457026 2.4289951
1.478512 0.86885124 2.4258442
1.7969977 0.8723948 2.422273
2.1161568 0.87449795 2.4181151
2.4358802 0.8786974 2.413247
2.7527525 0.8746461 2.4107273
3.0674484 0.8766804 2.4090412
-2.9636912 0.88597125 2.7700596
-2.6462576 0.88576835 2.7664745
-2.3315136 0.88193494 2.763481
-2.0169575 0.8769313 2.7606273
-1.6881052 0.88301194 2.7384572
-1.380436 0.87515044 2.7353756
-1.0796494 0.8720892 2.7471852
-0.77380556 0.8690522 2.754995
-0.46541783 0.86442834 2.7604785
-0.15366362 0.8643114 2.765053
0.15278074 0.8550018 2.7749202
0.45522553 0.84645486 2.7896461
0.76683134 0.85073775 2.7968035
1.085947 0.8576708 2.7966044
1.4072431 0.8632843 2.792287
1.727387 0.86299515 2.7889922
2.047932 0.8702451 2.7810264
2.3675804 0.87921673 2.7787502
2.6821017 0.87435323 2.7798667
3.000368 0.87934905 2.7746735
-3.039725 0.9468859 3.121076
-2.7243028 0.94630015 3.119874
-2.4102113 0.94200045 3.1196046
-2.0900865 0.9390851 3.111188
-1.7712071 0.94211525 3.0987997
-1.4663112 0.9344238 3.1054451
-1.1630925 0.9255647 3.117418
-0.85330683 0.92491746 3.1213343
-0.5397164 0.9279528 3.121223
-0.22987013 0.9296498 3.1266587
0.07312513 0.927048 3.1414373
0.3836845 0.9260623 -3.1356795
0.699454 0.9220806 -3.1332407
1.0180814 0.92095524 -3.1345844
1.3353842 0.9256868 -3.1367283
1.6523349 0.9347216 3.1398702
1.9715877 0.9423914 3.1311622
2.287919 0.9420255 3.132002
2.6051342 0.9425447 3.1288204
2.9251966 0.9454741 3.1237667
-2.7546692 1.0990207 -2.861028
-2.4400587 1.0906962 -2.860103
-2.1236668 1.0845268 -2.8644698
-1.8097581 1.0803255 -2.866818
-1.5002452 1.0735602 -2.86031
-1.1879095 1.0685651 -2.8543975
-0.87052387 1.0700088 -2.8543727
-0.55253905 1.0791502 -2.856783
-0.2377367 1.0916505 -2.8570714
0.07539067 1.1014154 -2.854949
0.39027002 1.1144685 -2.8592012
0.7026207 1.1247723 -2.8639452
1.0126175 1.1321465 -2.8708072
1.32223 1.1281755 -2.8643022
1.6345216 1.1186575 -2.8603883
1.9518201 1.1098124 -2.8640466
2.2672732 1.100262 -2.8604012
2.5834348 1.0945975 -2.8598635
2.8998709 1.0971125 -2.8622177
-3.0683813 1.1014382 -2.8631926
-2.7590473 1.1117322 -2.531902
-2.4468117 1.1004754 -2.532484
-2.1336253 1.0935282 -2.5349395
-1.8218117 1.0914389 -2.5337331
-1.5082858 1.0843469 -2.5297585
-1.1895113 1.0751789 -2.5281367
-0.8665858 1.0703577 -2.5293288
-0.5447265 1.0754722 -2.5287995
-0.22479108 1.0938362 -2.526108
0.09580325 1.1040459 -2.5269494
0.41467953 1.1161997 -2.5314648
0.7292483 1.118092 -2.5335402
1.041509 1.1418408 -2.5435116
1.3490956 1.1190724 -2.532108
1.6602796 1.0985062 -2.529924
1.970428 1.1111985 -2.5317335
2.2811205 1.1081071 -2.531692
2.5930738 1.1045872 -2.5329394
2.9045398 1.1083435 -2.5349934
-3.0688722 1.1148387 -2.5342152
-2.7429864 1.1397048 -2.203318
-2.433082 1.1303191 -2.2046342
-2.1225493 1.1281955 -2.2059426
-1.8111554 1.127201 -2.2059948
-1.4967668 1.1196965 -2.207503
-1.1772559 1.1109836 -2.2116263
-0.85444146 1.1099465 -2.2141078
-0.5300616 1.119754 -2.2142637
-0.20709331 1.1292102 -2.2113986
0.11465339 1.1383866 -2.2119358
0.4341677 1.1461476 -2.212449
0.7507263 1.1545218 -2.216695
1.0674146 1.174724 -2.2235148
1.3687615 1.1273367 -2.2025816
1.6790044 1.1353056 -2.2057266
1.9906479 1.1399772 -2.2044146
2.3006432 1.1334875 -2.2028284
2.6110015 1.1339203 -2.2044294
2.9213717 1.1420468 -2.2062097
-3.0523927 1.1458278 -2.2042844
-2.696767 1.2165912 -1.8899081
-2.3859978 1.2143373 -1.8921944
-2.075717 1.2139076 -1.8933127
-1.7638685 1.2128569 -1.896788
-1.4471954 1.2115538 -1.9078442
-1.126666 1.2106256 -1.9194095
-0.80548775 1.2115059 -1.9228983
-0.48599774 1.2149148 -1.918934
-0.16725312 1.2199361 -1.9137062
0.15089504 1.2254387 -1.9103076
0.46727192 1.2279466 -1.9062024
0.7801737 1.2342577 -1.9055761
1.0921936 1.2268583 -1.9005331
1.3928579 1.2123079 -1.8853033
1.7073627 1.2155403 -1.8890588
2.0209002 1.2122465 -1.8867235
2.3352435 1.2126673 -1.8886417
2.6503322 1.2186086 -1.8920624
2.9635854 1.2220144 -1.8911918
-3.0078936 1.2205888 -1.8892584
-2.87661 1.0256777 -1.6330266
-2.560963 1.0241619 -1.6329854
-2.2452755 1.0249976 -1.633493
-1.9300528 1.0325837 -1.6342323
-1.6156578 1.0526433 -1.6355451
-1.304403 1.0773914 -1.6338968
-0.9939526 1.0905058 -1.6308489
-0.6824375 1.0925218 -1.6279801
-0.36721358 1.0899497 -1.6274817
-0.048226904 1.0881387 -1.6285783
0.27245456 1.0845962 -1.627114
0.59049404 1.0765531 -1.627995
0.90021485 1.0775088 -1.6189883
1.1864382 1.0482976 -1.5907202
1.5002317 1.0411246 -1.6100351
1.8115622 1.0323231 -1.6173016
2.128419 1.0287812 -1.6244936
2.4512937 1.0312927 -1.6332953
2.7727077 1.0313438 -1.6354108
3.0908847 1.0286415 -1.6344439
-2.8830786 1.1179496 -1.3196182
-2.5633879 1.1070433 -1.3169372
-2.2434075 1.0957435 -1.3148471
-1.9244534 1.0888655 -1.3127642
-1.6099249 1.0899904 -1.3072364
-1.2989534 1.0917883 -1.2998223
-0.9864676 1.0863128 -1.2961768
-0.6703 1.0775243 -1.2952907
-0.34912476 1.0650238 -1.299083
-0.02635131 1.0529596 -1.2988744
0.29998064 1.0308602 -1.2996278
0.6269044 0.99274 -1.2989947
0.8201983 1.2474855 -1.2739173
1.1560918 1.2156378 -1.299385
1.4838216 1.18214 -1.3135331
1.8076601 1.1558615 -1.3208137
2.1267023 1.1390351 -1.3243114
2.4448512 1.1304917 -1.3258669
2.7627523 1.126233 -1.3244028
3.0810847 1.1240585 -1.3221976
-2.8736343 1.11497 -0.9893324
-2.555425 1.1051878 -0.986553
-2.2377603 1.1028533 -0.98435336
-1.9219022 1.1145719 -0.9807901
-1.6091702 1.128516 -0.9730528
-1.2984052 1.1323222 -0.96610725
-0.9858898 1.1300712 -0.9650376
-0.6714508 1.1206475 -0.96597254
-0.35558957 1.1120622 -0.9709836
-0.04038351 1.1025798 -0.96733344
0.2724992 1.0651716 -0.96440876
0.58006686 1.0774318 -0.95677567
0.8787648 1.1902599 -0.9806058
1.1953657 1.1501013 -0.9856814
1.510224 1.1325849 -0.988537
1.8245152 1.128846 -0.98914254
2.1408427 1.1269135 -0.99150175
2.4573178 1.1240039 -0.9937658
2.7743871 1.1204803 -0.9942053
3.0917373 1.1198896 -0.99234575
-2.8744159 1.1415415 -0.66005945
-2.562802 1.1382365 -0.65622497
-2.2451208 1.1488736 -0.65806025
-1.9233222 1.1754006 -0.65649754
-1.6055726 1.1989373 -0.6457942
-1.290091 1.2045424 -0.6418298
-0.9750642 1.202362 -0.64331394
-0.6604108 1.1966848 -0.64593136
-0.34471703 1.198574 -0.6540878
-0.032654937 1.1811146 -0.65009403
0.27623975 1.1856374 -0.64687586
0.5846707 1.1772625 -0.64059573
0.89029515 1.1688793 -0.64459664
1.2084382 1.1442457 -0.65521556
1.5241537 1.1499131 -0.6587277
1.8397526 1.1493224 -0.66151863
2.1555588 1.1480242 -0.66482943
2.4705615 1.1475986 -0.6678658
2.7850397 1.1473037 -0.6690522
3.0980833 1.1466944 -0.66627836
-2.8406317 1.1618199 -0.34263313
-2.528735 1.140499 -0.34389877
-2.21379 1.1195033 -0.35147634
-1.9035621 1.1016477 -0.35419136
-1.5967298 1.0816107 -0.35002282
-1.2836953 1.0646161 -0.3513034
-0.9701997 1.0569904 -0.35464004
-0.6576178 1.0480262 -0.35599047
-0.33762723 1.0375601 -0.37762386
-0.044452745 1.0410393 -0.34263396
0.26730204 1.0558403 -0.34318691
0.57839066 1.1022143 -0.32762942
0.92326236 1.1581764 -0.33904836
1.242065 1.1789219 -0.34009573
1.5610801 1.1867195 -0.34590873
1.879216 1.1848218 -0.34964988
2.1962159 1.185534 -0.35340732
2.5116258 1.1862506 -0.35601696
2.8246431 1.1836658 -0.35406965
3.1344557 1.1763879 -0.34839687
-2.6548557 1.2345303 -0.0260037
-2.33684 1.2203052 -0.03368072
-2.0165217 1.2162361 -0.040509142
-1.6987365 1.2196366 -0.04096882
-1.3829755 1.218293 -0.041915875
-1.0669297 1.2156408 -0.047239497
-0.7515565 1.2113463 -0.05527673
-0.4362556 1.1941197 -0.0729354
-0.13834395 1.2112528 -0.0580117
0.1622742 1.2308862 -0.049685515
0.46355584 1.2579284 -0.01372624
0.7812817 1.2677491 -0.0021953057
1.0980837 1.2644438 -0.0037962305
1.4151465 1.2653861 -0.0120496005
1.732764 1.2635238 -0.014193458
2.050564 1.2636973 -0.016782405
2.3685145 1.266525 -0.020486852
2.686995 1.2679931 -0.022708504
3.0032475 1.263238 -0.024097852
-2.9679322 1.2507843 -0.023593063
-2.8981543 1.1525422 0.28542322
-2.5837135 1.1480222 0.28360707
-2.2677941 1.1435335 0.27856478
-1.9534366 1.140464 0.275671
-1.6404349 1.1358167 0.27429304
-1.3254706 1.1273403 0.27081788
-1.0091287 1.1205506 0.26894483
-0.6934822 1.1145878 0.26702097
-0.38728753 1.129378 0.2812515
-0.08213907 1.153413 0.29162285
0.22578241 1.1671343 0.30221578
0.54296535 1.1613132 0.2850519
0.85443467 1.1687583 0.29067132
1.1730529 1.1729721 0.28634542
1.490224 1.1748688 0.28284028
1.8075111 1.1760355 0.28169048
2.1252375 1.1778649 0.27971077
2.44419 1.1760948 0.27570274
2.761786 1.1662489 0.27458662
3.0735245 1.1572331 0.28087014
-2.8331847 1.1138729 0.6104671
-2.516008 1.1169194 0.60813254
-2.1992247 1.1210151 0.60563606
-1.8836317 1.1275617 0.6036167
-1.5684619 1.1405745 0.5984486
-1.2555602 1.15734 0.591459
-0.9436902 1.1634855 0.5895568
-0.6364293 1.1701745 0.6042487
-0.3373133 1.1715158 0.62141806
-0.03667358 1.1532366 0.62896836
0.2815985 1.1219693 0.60845673
0.5989519 1.1100193 0.60368156
0.91947436 1.1147085 0.5996885
1.2392681 1.1172178 0.59753335
1.5584965 1.1187943 0.59590024
1.8776574 1.1195756 0.5952538
2.1957815 1.1204145 0.59336954
2.5099115 1.1186781 0.5948505
2.8211906 1.1131483 0.6024289
3.134232 1.1118374 0.6088217
-2.8281453 1.081466 0.9351591
-2.5115721 1.0853251 0.9316496
-2.1948075 1.0912298 0.92863894
-1.8759832 1.1018493 0.9230824
-1.5542552 1.1193635 0.91371655
-1.2317885 1.1487236 0.9035191
-0.90708566 1.19109 0.8983067
-0.5849749 1.229115 0.9199279
-0.2905412 1.1775253 0.9562273
0.004985195 1.0865785 0.9545344
0.31792846 1.0018326 0.95227647
0.64243805 1.00505 0.9416156
0.95690227 1.0050054 0.94192195
1.2708371 1.0068991 0.9396042
1.581178 1.009212 0.9387103
1.8889536 1.0175374 0.93762225
2.1976712 1.0469927 0.9337049
2.5110106 1.0747683 0.93020874
2.8250308 1.0799361 0.93263656
3.139281 1.0799143 0.9358586
-2.7528315 1.266627 1.1813568
-2.4332838 1.2722206 1.1768063
-2.1133764 1.2796041 1.172314
-1.7935337 1.2897261 1.1662498
-1.4751352 1.3036219 1.1609073
-1.1554595 1.3226553 1.1517515
-0.83321345 1.3257618 1.1575919
-0.5300171 1.2669295 1.2466849
-0.26047477 1.1789644 1.3139702
0.08243125 1.2173387 1.2067834
0.39315373 1.2109107 1.1801903
0.69886655 1.2141547 1.1801616
1.0080377 1.2139153 1.1786352
1.3191444 1.2167264 1.1755846
1.6313092 1.2203997 1.1739515
1.9434901 1.2327931 1.1759987
2.2582726 1.2493404 1.179572
2.5755155 1.2584497 1.1818297
2.8929794 1.2615176 1.1837119
-3.0718255 1.2636114 1.1837223
-2.784396 1.1590065 1.4881008
-2.4673798 1.1658819 1.4844449
-2.1501799 1.1727157 1.4812614
-1.8321991 1.1820302 1.4763138
-1.5144618 1.1974238 1.4750103
-1.1871723 1.2139267 1.4633763
-0.8595741 1.2303215 1.4694204
-0.6377701 1.0510964 1.5376081
-0.35556218 1.0527636 1.6103029
-0.00022038413 1.1094046 1.5123001
0.32947326 1.1321769 1.4957364
0.6509907 1.135144 1.4965094
0.97118044 1.1352879 1.4940702
1.2921947 1.1350958 1.4871861
1.6121144 1.1347945 1.4819971
1.9305356 1.1380389 1.4794503
2.2456224 1.1425089 1.4803182
2.5581431 1.1469907 1.4836191
2.8704255 1.150562 1.4875298
-3.099271 1.1538985 1.4889991
-2.8830626 1.1304044 1.8417565
-2.56743 1.133639 1.8383971
-2.2520094 1.135667 1.8353149
-1.936978 1.1405135 1.8313701
-1.6264325 1.151305 1.834869
-1.3028979 1.1512672 1.8202598
-0.9856854 1.1537712 1.8189191
-0.6911746 1.1935132 1.868076
-0.391941 1.1876715 1.8989627
-0.06390173 1.1512104 1.8493313
0.26252976 1.1405272 1.8373357
0.58055735 1.1434308 1.8401389
0.89831036 1.1416141 1.8379833
1.2192802 1.133008 1.830481
1.536815 1.1201468 1.8260865
1.8490711 1.1093241 1.8260437
2.15878 1.1093003 1.8289052
2.466883 1.1147038 1.8342042
2.7762718 1.1201959 1.8392818
3.0872538 1.1249049 1.8417928
-2.955141 1.1290221 2.2081654
-2.6396563 1.1290729 2.203521
-2.324887 1.127662 2.2000024
-2.011026 1.1259749 2.1964204
-1.705629 1.1411512 2.2066681
-1.3794484 1.1163691 2.1833096
-1.066606 1.1159434 2.1791744
-0.7769183 1.1393919 2.2222703
-0.4777583 1.1360062 2.251677
-0.16117877 1.1321278 2.242461
0.15618117 1.131899 2.2358904
0.4716668 1.1350925 2.233203
0.79014677 1.1343551 2.2277362
1.1175756 1.1212124 2.2132478
1.4445249 1.1072091 2.199562
1.7635921 1.1044176 2.195199
2.0777273 1.1098489 2.1982641
2.3902793 1.1175689 2.2029848
2.7035952 1.1217304 2.2068663
3.015262 1.1249727 2.2091243
-2.88986 1.1707121 2.5389638
-2.5766 1.1668627 2.5353184
-2.2638786 1.1610274 2.5319262
-1.9552064 1.1566612 2.5340457
-1.636494 1.1668422 2.5213702
-1.3259907 1.1463989 2.5130389
-1.0296541 1.151807 2.5386436
-0.72864765 1.1583667 2.5615745
-0.4136882 1.1540445 2.5635998
-0.09776984 1.1550916 2.557504
0.21661866 1.1483736 2.553686
0.5343474 1.1457185 2.545859
0.86028194 1.1564713 2.5302534
1.188788 1.1643672 2.519897
1.5120785 1.1641306 2.5199368
1.8292025 1.1636693 2.526698
2.1430037 1.1660007 2.5332544
2.45571 1.1687586 2.538906
2.7666364 1.164565 2.5433152
3.0791957 1.1678307 2.5426395
-2.8440137 1.1799002 2.8518457
-2.5289717 1.1783422 2.8498693
-2.216479 1.1740472 2.851001
-1.8998076 1.1710881 2.844541
-1.5842328 1.1777999 2.8348548
-1.2851276 1.1720135 2.8502972
-0.9848695 1.1662375 2.8716109
-0.673723 1.1646426 2.8762436
-0.35907522 1.1652793 2.8704672
-0.045373958 1.1627035 2.8651047
0.2673842 1.1498731 2.8596208
0.5869885 1.1433963 2.8401382
0.9105941 1.1460106 2.8212721
1.2328867 1.1512719 2.8176184
1.5507827 1.1536821 2.8274958
1.8649037 1.1591846 2.8382792
2.1796825 1.168339 2.8458686
2.4940994 1.1711535 2.8543932
2.8076322 1.1723152 2.8568053
3.1231666 1.1772316 2.8543108
-2.844667 1.2646763 -3.1199644
-2.5304992 1.2606239 -3.119243
-2.216821 1.255709 -3.1185384
-1.9016418 1.2543226 -3.1230316
-1.5889181 1.2527248 -3.1239264
-1.281682 1.2508208 -3.1108298
-0.97138 1.252146 -3.0997548
-0.65684074 1.2555156 -3.099848
-0.34091046 1.2588748 -3.1078105
-0.027053144 1.259096 -3.1152322
0.28683424 1.2507786 -3.1268113
0.6068327 1.2347091 3.1334288
0.92802596 1.2238694 3.1168437
1.2462679 1.2296746 3.119348
1.5575597 1.2425795 3.1352184
1.8691329 1.2544719 -3.1358054
2.1827643 1.2608393 -3.1271782
2.4940553 1.2632593 -3.1180024
2.8070154 1.2643944 -3.1159167
3.122604 1.2653983 -3.118375
-2.718841 1.5201586 -2.9854765
-2.404052 1.515564 -2.9845347
-2.090494 1.5105339 -2.9839585
-1.7770287 1.5091041 -2.9873164
-1.4638973 1.5128459 -2.9878697
-1.1510148 1.5166124 -2.9787138
-0.8382251 1.5182942 -2.9716394
-0.5249175 1.5175185 -2.9706476
-0.21153544 1.5180438 -2.9784918
0.10358891 1.5146923 -2.9870696
0.4181271 1.4985573 -2.9977853
0.7305167 1.4790226 -3.0102775
1.0407543 1.4780691 -3.0240817
1.3575233 1.4894606 -3.0199814
1.6721152 1.5000504 -3.0008812
1.9861752 1.5110216 -2.9934435
2.302615 1.5206158 -2.9914513
2.6185334 1.5237056 -2.986298
2.9336317 1.5227702 -2.9839032
-3.0343754 1.521934 -2.9847503
-2.912948 1.3723142 -2.7379549
-2.5980613 1.3661413 -2.7389102
-2.2844088 1.3577744 -2.7377124
-1.9705905 1.3523532 -2.73931
-1.6567267 1.348825 -2.744721
-1.3446594 1.3443432 -2.743587
-1.0321786 1.3410825 -2.7369475
-0.7187784 1.3433994 -2.7316325
-0.4044316 1.3520281 -2.7298627
-0.08897576 1.3647302 -2.7335577
0.22457056 1.3755556 -2.732461
0.5384176 1.3875971 -2.7317548
0.8488715 1.3958862 -2.7298152
1.1609213 1.4050528 -2.747445
1.4721735 1.3894261 -2.7403572
1.7885813 1.3745916 -2.73657
2.1086361 1.3722699 -2.743457
2.425472 1.3682165 -2.7439373
2.7403617 1.3675886 -2.7403476
3.055001 1.3713465 -2.737475
-2.885814 1.3948455 -2.4056034
-2.5714228 1.3859622 -2.4075038
-2.2579932 1.3786496 -2.4074044
-1.9447402 1.3765684 -2.4087152
-1.6303352 1.3718424 -2.41478
-1.3149507 1.3644359 -2.4179156
-0.9987434 1.3598264 -2.4159656
-0.68295485 1.3629413 -2.412885
-0.36817664 1.3758949 -2.4102952
-0.051981777 1.3840134 -2.4107292
0.2650649 1.3937284 -2.4090588
0.5834469 1.400234 -2.4119246
0.896089 1.4190013 -2.4100425
1.212807 1.4180012 -2.4293861
1.520395 1.3843975 -2.4207225
1.8306456 1.3914104 -2.414795
2.1447291 1.3908707 -2.415479
2.4579582 1.385727 -2.4146214
2.7706182 1.3883082 -2.4106488
3.0834868 1.39526 -2.406337
-2.8069766 1.446163 -2.1020594
-2.4944212 1.4394242 -2.1044362
-2.1822617 1.4378778 -2.104538
-1.8699098 1.4367094 -2.1061478
-1.5562985 1.432383 -2.1140485
-1.2401946 1.4296821 -2.1208704
-0.9220422 1.4320306 -2.1213841
-0.6041043 1.4388849 -2.1176882
-0.28718814 1.444877 -2.1140616
0.028679667 1.4498267 -2.1123524
0.34475577 1.4535182 -2.108865
0.6608069 1.4583246 -2.1094427
0.9769568 1.4680403 -2.1046345
1.2939281 1.4395936 -2.1221707
1.6024615 1.4366149 -2.117046
1.9149592 1.4414105 -2.1122673
2.2265546 1.437653 -2.1124542
2.5378528 1.4392573 -2.1117482
2.850281 1.4466679 -2.1073332
-3.1199145 1.4504254 -2.102541
-2.8723226 1.5072069 -1.7891678
-2.5615106 1.5048746 -1.7905126
-2.2518532 1.5026724 -1.789047
-1.9429829 1.4989986 -1.7884947
-1.6333802 1.4897896 -1.7930417
-1.3216307 1.4777421 -1.7959644
-1.0084434 1.4689531 -1.7938917
-0.69388455 1.468012 -1.7904571
-0.3778084 1.472869 -1.788329
-0.06096779 1.4793814 -1.7867651
0.25560948 1.4837506 -1.7818723
0.5689611 1.4918455 -1.7838343
0.886681 1.5010241 -1.7875613
1.2081066 1.5082831 -1.8114797
1.5246712 1.5040523 -1.8129495
1.8425131 1.502109 -1.8059139
2.1577246 1.5001111 -1.8039724
2.4714062 1.5013901 -1.8005325
2.7854533 1.5050904 -1.7942793
3.0987475 1.5074267 -1.7894013
-2.7168732 1.3266777 -1.5566267
-2.4089699 1.3232332 -1.5556144
-2.1031525 1.3233911 -1.5511594
-1.7989556 1.3311496 -1.5438732
-1.4949282 1.3448808 -1.5344311
-1.1875577 1.3554282 -1.5234793
-0.87568927 1.3581284 -1.5171026
-0.5599849 1.3559451 -1.5167797
-0.24242634 1.3524458 -1.5189512
0.076109245 1.3481402 -1.5201554
0.39571023 1.3427975 -1.5166371
0.7119919 1.3447322 -1.5333512
1.0511363 1.3505404 -1.5603251
1.373116 1.3488288 -1.5692648
1.6895041 1.3445938 -1.5653828
2.0034728 1.3404413 -1.5615605
2.3160768 1.3369458 -1.5599362
2.6294193 1.3343462 -1.5588943
2.9426913 1.3323236 -1.5564982
-3.0276432 1.3301134 -1.5558661
-2.7140894 1.3755009 -1.1998377
-2.3965552 1.3671339 -1.2048844
-2.0800326 1.3634799 -1.2071812
-1.7642113 1.3676131 -1.2071437
-1.4476053 1.3722615 -1.205186
-1.1292909 1.3688327 -1.2027766
-0.8085242 1.3601749 -1.2052102
-0.48650956 1.347561 -1.2098609
-0.16380589 1.3349994 -1.214991
0.16164866 1.3136277 -1.221502
0.4864287 1.2799382 -1.2195995
0.7023567 1.5196187 -1.1506867
1.0204473 1.4765068 -1.1531367
1.3425943 1.432347 -1.1592784
1.6663688 1.4065752 -1.168936
1.9873034 1.3957624 -1.1784838
2.3046787 1.3910866 -1.1876473
2.6202223 1.3885055 -1.1929712
2.9349265 1.3868207 -1.1927519
-3.0319405 1.3831762 -1.1943581
-2.6648161 1.3904722 -0.8828463
-2.3494716 1.3886352 -0.89014375
-2.033157 1.4021022 -0.8957191
-1.717583 1.4179926 -0.8955143
-1.4042336 1.4226887 -0.88907707
-1.0891088 1.4219296 -0.88498163
-0.7708201 1.4146949 -0.8875445
-0.45195195 1.4088118 -0.8928208
-0.1308162 1.4015356 -0.89696395
0.19090532 1.3745768 -0.90626824
0.50564146 1.3768766 -0.899432
0.7954224 1.4485391 -0.8404977
1.1099541 1.4228338 -0.84357226
1.4218856 1.411591 -0.8494576
1.7351899 1.4102086 -0.8551709
2.0489414 1.4088049 -0.8616485
2.3626246 1.4069357 -0.8690179
2.6764944 1.4048079 -0.8746214
2.9903018 1.4051315 -0.87587726
-2.9790077 1.4006282 -0.87749213
-2.809975 1.433176 -0.5811323
-2.4930916 1.4260042 -0.58560485
-2.1731884 1.4326329 -0.5921495
-1.8516376 1.4602876 -0.5961424
-1.5338502 1.4902039 -0.59197456
-1.2221224 1.5016268 -0.5905576
-0.91042906 1.5033516 -0.59711146
-0.5980149 1.5010396 -0.6043043
-0.28290018 1.5017614 -0.61184007
0.033161674 1.4934455 -0.62691045
0.34469703 1.492432 -0.6261503
0.6413077 1.4747671 -0.5693818
0.95746154 1.4507929 -0.54870516
1.2690552 1.4389575 -0.5520784
1.5816928 1.4463065 -0.55687577
1.8964528 1.4442745 -0.562215
2.2116416 1.4441493 -0.5693143
2.526561 1.4439423 -0.5749513
2.8417044 1.4417776 -0.5768218
-3.1256762 1.4397818 -0.5783455
-3.0023723 1.4615417 -0.2868602
-2.683935 1.4447746 -0.2920199
-2.3671632 1.4242121 -0.29884112
-2.0514224 1.4103414 -0.3101029
-1.7382889 1.3943509 -0.32058945
-1.4272593 1.3689591 -0.3263077
-1.1168993 1.3587453 -0.33218807
-0.80721676 1.3542246 -0.3399772
-0.49883667 1.3481109 -0.34746888
-0.19172163 1.3492562 -0.3566757
0.10806672 1.350677 -0.3572945
0.40278697 1.3653322 -0.33314747
0.7082552 1.3966502 -0.27884182
1.039992 1.4505767 -0.2549451
1.3660454 1.4737835 -0.25915194
1.6875311 1.4729193 -0.2632983
2.0068817 1.471391 -0.26825234
2.324985 1.4727759 -0.27409893
2.6423724 1.4722708 -0.2781189
2.9610493 1.4693239 -0.28187263
-2.854572 1.5348864 0.00089966506
-2.538867 1.5161906 -0.004084536
-2.2220786 1.5021131 -0.011512026
-1.9042645 1.502241 -0.018906303
-1.5865782 1.5130746 -0.029177133
-1.2732809 1.5154892 -0.04245617
-0.9631808 1.5183827 -0.056875415
-0.6529427 1.519564 -0.07133308
-0.34139073 1.5163485 -0.08448389
-0.02892236 1.5287362 -0.086719595
0.276495 1.5395854 -0.07091521
0.57308716 1.5646485 -0.02941358
0.8754345 1.5701462 -0.0062629306
1.1944798 1.5602428 0.013645186
1.5180384 1.5513477 0.02452985
1.8393457 1.5481179 0.024698678
2.1588218 1.5483819 0.02180938
2.4769838 1.5508133 0.018938566
2.7947788 1.552659 0.014075927
3.1123593 1.5485599 0.0069688614
-2.7355466 1.4405344 0.27862018
-2.4204462 1.4343461 0.27404842
-2.105552 1.4300727 0.2676975
-1.7921627 1.427157 0.26089734
-1.4825675 1.4194623 0.25366205
-1.1751348 1.4092886 0.24447063
-0.863929 1.4016417 0.22310111
-0.542522 1.3944311 0.1922677
-0.2213204 1.4162377 0.19057754
0.09459118 1.4393859 0.20654571
0.39736384 1.4611098 0.25094324
0.69583654 1.4632766 0.27780342
1.0049559 1.4647183 0.28429738
1.3205386 1.4629532 0.2951052
1.6400759 1.4615177 0.30157238
1.9600374 1.461391 0.30191824
2.2802405 1.4603904 0.29967296
2.6004968 1.456022 0.29501325
2.918165 1.4500219 0.28778225
-3.05005 1.445322 0.28212363
-2.921917 1.4073123 0.5649931
-2.6071951 1.4092311 0.56098443
-2.2919621 1.4112225 0.555687
-1.9764733 1.4162626 0.54975843
-1.6622728 1.4290532 0.5424372
-1.3507053 1.448157 0.5339512
-1.0370915 1.452383 0.518668
-0.7195436 1.4388802 0.48315674
-0.40103924 1.4396346 0.46933493
-0.08973474 1.4423773 0.4881819
0.20801201 1.4284698 0.52745074
0.50734746 1.4033114 0.5650248
0.81902 1.4080671 0.5704558
1.1323884 1.4101895 0.5756212
1.4496753 1.4116592 0.5804254
1.7698059 1.41299 0.58271974
2.0901668 1.4154152 0.5822458
2.410418 1.4152482 0.5787814
2.7298093 1.4090692 0.5729477
3.0463343 1.4062116 0.5684127
-2.7564065 1.3700398 0.8566487
-2.434873 1.3745348 0.85229653
-2.1135623 1.3808781 0.847192
-1.7921424 1.3915852 0.84020245
-1.4714259 1.4098775 0.8318853
-1.1546255 1.441432 0.8173119
-0.8472681 1.4779434 0.78820306
-0.54801226 1.4967161 0.75144494
-0.24461682 1.4642454 0.7704827
0.041937664 1.3944947 0.81641346
0.32670566 1.3012835 0.87145203
0.6422487 1.3088336 0.86424357
0.9563577 1.3085096 0.86660856
1.2725719 1.3108289 0.8665553
1.591875 1.3139578 0.8660687
1.9134228 1.3212105 0.86519086
2.2355723 1.3435117 0.8637762
2.5590167 1.3645022 0.86230946
2.8823788 1.3679025 0.8611371
-3.0783186 1.3679326 0.85947484
-2.9402115 1.551913 1.0897487
-2.616785 1.5547526 1.0853156
-2.293533 1.5597569 1.0808754
-1.9711304 1.5668671 1.075961
-1.650106 1.5777595 1.0702188
-1.3302244 1.5916234 1.0665374
-1.0082328 1.5985389 1.0651271
-0.696172 1.5862352 1.0558691
-0.41456202 1.5160754 1.0441984
-0.14333738 1.4162806 1.095896
0.15052032 1.521534 1.0892698
0.46157178 1.518838 1.0888007
0.7752824 1.5199112 1.0887755
1.0914627 1.5206512 1.087824
1.4093012 1.5228848 1.086669
1.7280928 1.5256693 1.0876336
2.0475802 1.534736 1.0909323
2.3697803 1.5461105 1.0939051
2.694666 1.5511488 1.0952986
3.019109 1.551184 1.093351
-2.9045436 1.469435 1.4035665
-2.5914712 1.4725391 1.4006339
-2.2777839 1.4768366 1.3976394
-1.9638153 1.4829805 1.3944268
-1.6496389 1.4925236 1.3902878
-1.3350059 1.5025885 1.3883126
-1.0180511 1.512581 1.3896308
-0.69621646 1.5162938 1.3797294
-0.36544117 1.5048696 1.3613023
-0.05107713 1.4690274 1.3879404
0.26001388 1.4461114 1.3865325
0.5698891 1.4454119 1.388846
0.88356787 1.4440943 1.3860786
1.1979127 1.4461435 1.3837143
1.5115632 1.4482845 1.3827457
1.8228697 1.4541447 1.3881396
2.1327338 1.4613775 1.3965619
2.4433117 1.465337 1.4015403
2.7544496 1.4667226 1.4048537
3.0662143 1.467711 1.4052467
-2.7131846 1.3900467 1.6924251
-2.3965502 1.3938237 1.6908475
-2.0800216 1.3975596 1.6887347
-1.7627876 1.4042648 1.6855335
-1.4429122 1.4101529 1.6850364
-1.1257083 1.4189286 1.6880323
-0.8128312 1.4276012 1.6995215
-0.51863766 1.3513596 1.6002184
-0.21358088 1.3571823 1.6367484
0.104944795 1.377947 1.6669974
0.42278823 1.3871984 1.6777589
0.7408793 1.3903441 1.6758715
1.059766 1.3866837 1.673648
1.3777684 1.383054 1.6727726
1.6916231 1.3777136 1.6766725
2.0027266 1.3747067 1.6833591
2.3140895 1.3774346 1.6881508
2.625967 1.3808146 1.6924696
2.939302 1.3836601 1.6944053
-3.0293007 1.3865374 1.6940881
-3.0639708 1.371687 2.0442002
-2.7500064 1.3736832 2.042755
-2.435747 1.3749808 2.0406444
-2.1227057 1.3760816 2.0387313
-1.8129281 1.3842337 2.0392122
-1.4985062 1.3771343 2.0383472
-1.1877576 1.3731189 2.0357876
-0.89140415 1.3970618 2.0678408
-0.58354515 1.408699 2.1080859
-0.25637442 1.376047 2.0867438
0.06430968 1.3564452 2.0515356
0.37918586 1.3641834 2.0475333
0.69529176 1.366979 2.0444872
1.0144168 1.3600065 2.0393872
1.3351167 1.3522273 2.0337172
1.6532936 1.3490853 2.030767
1.9679385 1.3509245 2.0324464
2.2810872 1.3569773 2.0364394
2.594241 1.3630704 2.041092
2.906824 1.3678004 2.0436122
-2.9537284 1.4242179 2.3503733
-2.6402874 1.4230129 2.348676
-2.3272676 1.4202343 2.3473094
-2.0154276 1.418517 2.3466392
-1.7042687 1.4337152 2.346313
-1.3920124 1.4128693 2.340786
-1.0870576 1.4126108 2.355411
-0.7809153 1.4350101 2.3854542
-0.45776406 1.4370525 2.3903368
-0.1370902 1.4294972 2.3711414
0.18026406 1.4234644 2.3552449
0.496977 1.42662 2.3505595
0.8129276 1.4303645 2.3427482
1.129678 1.4229921 2.3338478
1.447488 1.4131199 2.3291156
1.7634752 1.4100448 2.3311796
2.0775192 1.412883 2.3368473
2.3911667 1.4171305 2.3429716
2.7043986 1.4181683 2.3490543
3.0165403 1.4208215 2.3511748
-2.8018467 1.4581108 2.6499481
-2.489219 1.4542633 2.648411
-2.1775677 1.4490337 2.647612
-1.8657994 1.4471866 2.6464465
-1.5524117 1.454943 2.6417172
-1.247607 1.4417287 2.65025
-0.9417991 1.4422628 2.6735837
-0.6243789 1.4444054 2.6780703
-0.30389735 1.4471636 2.6670482
0.013827585 1.4457207 2.653375
0.32967192 1.4356526 2.6457589
0.64704883 1.4372863 2.6374483
0.96585524 1.4462157 2.6295364
1.2846438 1.4504555 2.6258132
1.6012744 1.4486284 2.6289709
1.9156381 1.449848 2.6351273
2.2292094 1.4542687 2.640563
2.5424669 1.4548415 2.6473696
2.854666 1.4533128 2.6511145
-3.1153612 1.4567813 2.6512194
-2.9886956 1.4721802 2.9472861
-2.6736658 1.4717319 2.9467976
-2.3599732 1.468159 2.9470026
-2.046897 1.4633772 2.9463303
-1.7334487 1.4645396 2.9430797
-1.4227269 1.4687632 2.9471576
-1.1161317 1.4670473 2.9626832
-0.8028845 1.4639472 2.9694736
-0.48508158 1.4634881 2.964022
-0.16711923 1.4641548 2.9509935
0.14957663 1.457009 2.940471
0.46616873 1.4490818 2.9315321
0.782621 1.4492943 2.9228046
1.0971017 1.4520706 2.916711
1.4102316 1.4536335 2.9168737
1.7233675 1.4550083 2.9247227
2.0376422 1.4608865 2.9314768
2.3520567 1.4654042 2.9382668
2.665635 1.4670129 2.9454057
2.9794269 1.4695052 2.9477806
-2.9108365 1.7751579 -2.8434112
-2.5959232 1.7726593 -2.8432536
-2.2820258 1.7686323 -2.8441133
-1.9693571 1.7653489 -2.8470986
-1.6570181 1.7655996 -2.8507712
-1.3433812 1.7704551 -2.8499064
-1.028259 1.7758845 -2.846116
-0.7132683 1.7780085 -2.8442588
-0.39954644 1.7779696 -2.8460283
-0.0858469 1.7748376 -2.8480341
0.22728199 1.7671682 -2.8502948
0.53691804 1.7524163 -2.8607552
0.84350127 1.738146 -2.8769069
1.1542193 1.7417638 -2.8853755
1.4732268 1.7501853 -2.8731303
1.7892516 1.7592978 -2.8577793
2.1066842 1.7681557 -2.853213
2.4250631 1.7746919 -2.8487175
2.7420628 1.7773839 -2.8451505
3.0573702 1.7765628 -2.8438458
-2.7384148 1.6220471 -2.5995016
-2.4239137 1.6157268 -2.600744
-2.1105888 1.6100314 -2.60228
-1.7972863 1.6058786 -2.6071675
-1.484154 1.6034278 -2.6121383
-1.1716204 1.6022903 -2.612164
-0.8597165 1.603843 -2.6092515
-0.5477716 1.6099608 -2.6060224
-0.23468965 1.6180564 -2.6054583
0.08039988 1.6265556 -2.6016433
0.39766458 1.6370249 -2.5981658
0.7146681 1.6533805 -2.596936
1.0276282 1.6636065 -2.604653
1.3422494 1.6587698 -2.612628
1.6546712 1.6340195 -2.6026983
1.9703275 1.626344 -2.6046548
2.2862132 1.623176 -2.6064727
2.6004133 1.6219988 -2.6042125
2.9141426 1.6246451 -2.6001537
-3.0540802 1.6258928 -2.5983393
-2.9591484 1.6896713 -2.2826488
-2.645908 1.6819245 -2.284681
-2.3329167 1.6764874 -2.287419
-2.0201435 1.6738486 -2.2891214
-1.7069049 1.6685709 -2.2937794
-1.3922341 1.6633642 -2.2999623
-1.0759522 1.6620915 -2.303139
-0.759443 1.6664507 -2.302939
-0.4437938 1.676811 -2.299318
-0.12895055 1.6829474 -2.2977965
0.18598609 1.69017 -2.2935567
0.5011366 1.6930901 -2.2898355
0.8159012 1.706763 -2.2805433
1.1337423 1.6973828 -2.2805214
1.4502872 1.6809094 -2.291599
1.7630937 1.6851159 -2.2864435
2.074853 1.684704 -2.2881062
2.3861527 1.6810837 -2.2916262
2.6980615 1.684383 -2.2906256
3.010804 1.6904602 -2.2855754
-3.026185 1.7439089 -1.9804504
-2.7130663 1.7408483 -1.9825609
-2.4000647 1.7349466 -1.9857084
-2.085652 1.7321889 -1.9865226
-1.7705649 1.7279166 -1.9890108
-1.4549545 1.7197386 -1.9938499
-1.1388301 1.7134461 -1.9968745
-0.8225018 1.714178 -1.9968386
-0.50620806 1.7210273 -1.994354
-0.19092672 1.7288748 -1.9934216
0.12390443 1.7332208 -1.9905174
0.43641672 1.7386701 -1.9874908
0.7479303 1.7453296 -1.9783267
1.0602506 1.7577912 -1.9777749
1.3702502 1.7421902 -1.9913117
1.6850253 1.7380549 -1.9869515
2.0007288 1.7397718 -1.9853114
2.3136568 1.7367676 -1.9894605
2.6273189 1.7363409 -1.9889214
2.9423988 1.7407993 -1.9836776
-2.7330737 1.7617636 -1.6509573
-2.4228919 1.7626688 -1.65434
-2.1146107 1.7639948 -1.6569595
-1.8084667 1.7607108 -1.661322
-1.5032095 1.7500957 -1.6706064
-1.1946347 1.7388452 -1.680121
-0.8825546 1.7335837 -1.6857983
-0.56745845 1.7355278 -1.6867785
-0.25044093 1.7409045 -1.6860403
0.06755134 1.7478638 -1.6858865
0.38961273 1.7523276 -1.6797994
0.7134695 1.7533032 -1.6637772
1.0370958 1.7498554 -1.6530222
1.352284 1.7430347 -1.6522295
1.6649 1.7376268 -1.6486032
1.9784023 1.7414137 -1.6500175
2.2912154 1.7459829 -1.6558722
2.60616 1.7511353 -1.6568775
2.922505 1.7567469 -1.652686
-3.0457041 1.7603871 -1.6496491
-2.8696456 1.58184 -1.4152735
-2.5583029 1.5812961 -1.4181404
-2.2496507 1.5830463 -1.4194099
-1.9430212 1.5899888 -1.4180874
-1.6361145 1.6032437 -1.4159908
-1.3271356 1.6168954 -1.4156601
-1.0155836 1.6236149 -1.4167193
-0.70223683 1.6243204 -1.4202421
-0.38719407 1.6214639 -1.4239137
-0.07135876 1.6183792 -1.427199
0.24349861 1.6157519 -1.432488
0.561141 1.6088781 -1.427458
0.8861442 1.5936335 -1.4209955
1.2094952 1.5845196 -1.4094625
1.5260737 1.5791757 -1.4028275
1.8422219 1.5790263 -1.4018028
2.1574986 1.5808603 -1.4077759
2.4723268 1.5828518 -1.4140992
2.7866528 1.5840251 -1.4147496
3.1003253 1.583164 -1.413648
-2.822083 1.64167 -1.0710102
-2.507126 1.6348187 -1.0775075
-2.1931362 1.6371658 -1.0864854
-1.8786166 1.6467582 -1.0934466
-1.561451 1.6512574 -1.096263
-1.2414545 1.6455603 -1.0986145
-0.91876006 1.6339517 -1.1025506
-0.59496987 1.6220926 -1.1112669
-0.2712423 1.6094636 -1.1196753
0.053842228 1.5888507 -1.1274186
0.37799114 1.5628723 -1.1436775
0.59983474 1.7025667 -0.910234
0.9285359 1.7089474 -0.9599467
1.2489712 1.6826849 -1.0030267
1.5679979 1.6645358 -1.031575
1.8858299 1.6572082 -1.0438232
2.2009947 1.6535499 -1.0534514
2.5156558 1.6510103 -1.0616759
2.8307366 1.65216 -1.0658522
-3.137384 1.6501814 -1.067799
-2.8973894 1.6969222 -0.7743777
-2.585206 1.6846373 -0.7774632
-2.2731645 1.6846614 -0.78439134
-1.9615551 1.7052957 -0.79778343
-1.6466943 1.7273132 -0.8120121
-1.3252369 1.7335929 -0.8239509
-1.0026059 1.7350566 -0.8344303
-0.6790966 1.7291452 -0.846162
-0.35471734 1.7246741 -0.8578965
-0.031222187 1.7176528 -0.86956066
0.28699693 1.6976961 -0.88356256
0.54693633 1.7746716 -0.620211
0.8624456 1.7455745 -0.6561028
1.1803916 1.7189734 -0.7037394
1.4979953 1.7120801 -0.73387194
1.8151267 1.7079749 -0.74522036
2.1302814 1.7074088 -0.7549869
2.444192 1.7052709 -0.76353925
2.7584538 1.7012212 -0.7680431
3.0727098 1.7018502 -0.77155155
-2.96847 1.7225865 -0.4751123
-2.6561174 1.713054 -0.47575194
-2.3453844 1.7023752 -0.47590476
-2.035869 1.7093769 -0.48683035
-1.7232417 1.7420528 -0.5111776
-1.3998336 1.7775156 -0.5349186
-1.0740367 1.7912747 -0.5490934
-0.7508613 1.7945734 -0.56332135
-0.42790195 1.7927537 -0.5769136
-0.099727295 1.7873914 -0.58746064
0.22631541 1.7867016 -0.59940666
0.46544576 1.6765893 -0.3369443
0.7952235 1.6939926 -0.3496549
1.115937 1.7198224 -0.39976785
1.4286343 1.7308546 -0.43440318
1.7437968 1.7302852 -0.44524407
2.0583918 1.7281477 -0.45327187
2.372348 1.7285867 -0.46196055
2.686574 1.7272072 -0.46722475
3.0009818 1.7252381 -0.47124445
-2.7509146 1.7558726 -0.17376009
-2.4336367 1.7388676 -0.1749526
-2.118423 1.724441 -0.18397339
-1.8047775 1.7038758 -0.21650174
-1.4859221 1.6782826 -0.26101348
-1.1639104 1.6715579 -0.28580838
-0.8408433 1.6711149 -0.30220997
-0.51676846 1.6685328 -0.31667897
-0.19128081 1.6697775 -0.328122
0.13620706 1.6652145 -0.34034765
0.33147782 1.8498892 -0.098926716
0.6659116 1.8495588 -0.09950097
0.99769694 1.8285074 -0.106000036
1.313618 1.8001424 -0.122445844
1.6261524 1.7837873 -0.13764502
1.941583 1.7788036 -0.14450529
2.257417 1.7772734 -0.1516095
2.5740645 1.7758621 -0.15847829
2.8930247 1.7741843 -0.1645447
-3.0699239 1.769046 -0.17041767
-2.6440642 1.7502193 0.19189322
-2.3321016 1.7416717 0.18173067
-2.0211031 1.7363921 0.17501964
-1.7076887 1.7308806 0.17361185
-1.3866944 1.7174854 0.18159159
-1.0664725 1.7026503 0.1893095
-0.75037795 1.6948367 0.19152874
-0.4367004 1.6930679 0.18594682
-0.119486704 1.709675 0.18160257
0.19989482 1.7366371 0.18707213
0.5088222 1.7639316 0.21878912
0.81739676 1.7695711 0.23362315
1.1277194 1.772671 0.23846854
1.4379826 1.7723857 0.2335425
1.7491776 1.7713189 0.22645411
2.0627627 1.7700624 0.22253506
2.3779147 1.7687893 0.22079152
2.6935728 1.7665256 0.21913795
3.0097995 1.7626141 0.21393874
-2.9577014 1.7574939 0.20387216
-2.7444153 1.7051896 0.48557281
-2.4337611 1.7048875 0.4769913
-2.1241896 1.7050914 0.46963972
-1.8153095 1.7128489 0.46183226
-1.504333 1.728719 0.45598963
-1.1837605 1.7355528 0.46320108
-0.8626024 1.7298511 0.4781117
-0.5479803 1.7318984 0.47454986
-0.230427 1.7304927 0.47137237
0.090404175 1.7259167 0.46640494
0.40562564 1.7077549 0.50156265
0.7172756 1.70718 0.5166689
1.0319941 1.710691 0.5207259
1.3479681 1.7134262 0.5198326
1.66221 1.7154033 0.5163523
1.9742439 1.7168654 0.51237947
2.28636 1.7163644 0.50942343
2.5996268 1.7115637 0.50702786
2.9130683 1.7063118 0.50196177
-3.0567098 1.7045604 0.49441418
-2.5576568 1.6630896 0.78086007
-2.2463925 1.6673492 0.7744569
-1.9346335 1.6749858 0.7676214
-1.6217086 1.6884466 0.7589984
-1.3074468 1.715764 0.75451213
-0.991635 1.7609906 0.76142603
-0.66996336 1.7887405 0.76684994
-0.34021616 1.7694092 0.7605042
-0.017185329 1.7164608 0.7517798
0.29447097 1.6073533 0.79249316
0.60526246 1.6160933 0.8046178
0.9203173 1.6201088 0.80876446
1.2360615 1.6240491 0.8085374
1.5515741 1.6285365 0.8078515
1.8642491 1.6341035 0.80764437
2.172881 1.6481513 0.8067977
2.4805808 1.6604111 0.80433065
2.7907221 1.6602688 0.79968727
3.1022983 1.6588135 0.794054
-2.8691022 1.6599456 0.7877948
-2.6543348 1.8631928 1.0108002
-2.347602 1.8655107 1.0057243
-2.040855 1.8698722 1.0011902
-1.7346295 1.8767312 0.99491096
-1.428974 1.8857219 0.98978436
-1.1151679 1.88995 1.0034976
-0.77917063 1.8799499 1.0387107
-0.43675265 1.8248147 1.0503111
-0.12450813 1.7318869 1.0366486
0.19770357 1.8181614 1.0316433
0.5201717 1.8305042 1.0352002
0.83510345 1.8372709 1.0305587
1.1484499 1.8396264 1.0269386
1.4610795 1.8414224 1.0250405
1.7734464 1.8444889 1.024773
2.08575 1.8530688 1.0272827
2.3970382 1.8629587 1.0285611
2.706459 1.8658116 1.0251197
3.0143096 1.8638827 1.02045
-2.9614367 1.8627117 1.0159181
-2.7394648 1.7592334 1.3076091
-2.4251816 1.7619962 1.3040698
-2.110332 1.7668767 1.30083
-1.7955928 1.7743804 1.2982516
-1.481608 1.7839938 1.297991
-1.1674663 1.7917782 1.3039594
-0.849795 1.7958286 1.3218764
-0.5285262 1.7893349 1.333954
-0.2066561 1.7677474 1.3322613
0.10224207 1.7531137 1.3248361
0.412781 1.7419589 1.3228966
0.7271939 1.7363429 1.3196784
1.0413592 1.7386466 1.3159094
1.3547791 1.7421683 1.3143672
1.6669158 1.746813 1.3135457
1.978469 1.7528523 1.315413
2.2904997 1.7572463 1.3182403
2.6031191 1.7586988 1.3179916
2.9161806 1.758363 1.3149346
-3.0534866 1.7581401 1.3111037
-2.794272 1.7142342 1.6032406
-2.4798417 1.7163504 1.6008542
-2.1655948 1.7195508 1.5976977
-1.8505393 1.7247143 1.5957663
-1.5368207 1.7290511 1.5976692
-1.2256577 1.7345557 1.6030813
-0.9132961 1.7347621 1.6153703
-0.5978704 1.7050673 1.6233885
-0.2896439 1.6980039 1.6219877
0.023379968 1.6991705 1.6199665
0.33458236 1.7001709 1.6106262
0.64735764 1.7064548 1.6078694
0.96316946 1.7011367 1.6034395
1.2798246 1.6976377 1.602191
1.5970472 1.6947165 1.601801
1.9139006 1.6972433 1.6045016
2.2299707 1.7034752 1.6086192
2.5451021 1.7079761 1.610021
2.8598363 1.710677 1.6085262
-3.1087465 1.712456 1.6058564
-2.8985164 1.6125646 1.8790959
-2.5832202 1.6148819 1.877865
-2.2678864 1.6179248 1.8765379
-1.9538338 1.6222163 1.8729298
-1.6379486 1.6221286 1.8751099
-1.3242062 1.6252644 1.8824025
-1.0136544 1.6360152 1.8947672
-0.6998648 1.6212494 1.9088843
-0.41770136 1.5313562 1.8516073
-0.10380653 1.5597236 1.8723077
0.21974662 1.5882046 1.8839175
0.5417572 1.5980973 1.8824127
0.86141694 1.5979962 1.879132
1.1793798 1.5938017 1.8778696
1.4955679 1.5935082 1.8782722
1.8104645 1.595044 1.8784887
2.12505 1.5984546 1.8798811
2.4400487 1.6033746 1.8820081
2.754941 1.6075898 1.8820646
3.069673 1.6106141 1.88062
-2.786081 1.6764107 2.1813326
-2.4728506 1.6759826 2.1808734
-2.1597822 1.6754649 2.1799254
-1.8480037 1.6854303 2.1767712
-1.5312576 1.6795361 2.178136
-1.2176414 1.6749471 2.185331
-0.9067485 1.700112 2.1997776
-0.59530574 1.7148594 2.2067182
-0.2946146 1.6730833 2.165434
0.026239354 1.663267 2.1683402
0.34545016 1.6749883 2.1733232
0.66217417 1.6806824 2.1715987
0.9809374 1.6751511 2.1692345
1.3001996 1.6673714 2.1689541
1.6169915 1.6638862 2.1704605
1.9318784 1.664067 2.1724865
2.2461298 1.6675357 2.1761532
2.5598662 1.670441 2.1806178
2.872041 1.6727954 2.182461
-3.0990386 1.6756638 2.1820717
-2.8963673 1.724174 2.4724357
-2.5825744 1.7218848 2.4722881
-2.2686937 1.7180815 2.4715846
-1.9550532 1.7166711 2.4698253
-1.6403196 1.728 2.4676945
-1.3275483 1.7123106 2.4714499
-1.0134486 1.7103078 2.4833856
-0.69195575 1.7235295 2.4937103
-0.371851 1.7304485 2.4768698
-0.06723587 1.7230831 2.4624221
0.24458268 1.7140527 2.4653587
0.55844665 1.720047 2.462288
0.87212217 1.7269945 2.4574819
1.186514 1.7228297 2.456058
1.5011213 1.7154918 2.4575243
1.8155978 1.7138681 2.4592564
2.1300006 1.7172679 2.4622195
2.4449816 1.7196052 2.467718
2.7594066 1.719886 2.4718862
3.0730333 1.7221929 2.4725688
-2.996815 1.7432575 2.7719316
-2.682608 1.7428524 2.7722828
-2.368969 1.7384398 2.7715847
-2.055788 1.7338486 2.769751
-1.7430949 1.7350935 2.7662852
-1.4291087 1.7387943 2.769053
-1.1179023 1.7323699 2.7750075
-0.8005417 1.7315509 2.7814133
-0.4788411 1.7316965 2.7761104
-0.16486906 1.7363226 2.7660253
0.14559789 1.7305955 2.762756
0.45832384 1.7230228 2.7601388
0.7711012 1.7258799 2.754028
1.085398 1.7316123 2.7530785
1.4003929 1.7343677 2.7556484
1.7147117 1.7332438 2.7581978
2.0283146 1.737131 2.7596543
2.3428257 1.7404419 2.7645981
2.65786 1.7402426 2.7696743
2.9721012 1.7405746 2.7713597
-2.831406 1.7289052 3.0846822
-2.515535 1.7264825 3.0854032
-2.2010527 1.7219244 3.0848897
-1.8886676 1.720028 3.0821252
-1.5768023 1.7244588 3.0802817
-1.2622617 1.7291642 3.085786
-0.94584334 1.72767 3.0885003
-0.6278593 1.7228858 3.088809
-0.3118637 1.7216583 3.0832448
0.0022084427 1.7177595 3.075905
0.31567794 1.7094942 3.0726507
0.6278802 1.7047755 3.069505
0.93778205 1.710033 3.0627098
1.249953 1.7125015 3.0620532
1.5633383 1.7087011 3.0666862
1.8751222 1.7108511 3.0704405
2.1881862 1.7187304 3.0721703
2.503868 1.7239945 3.0773013
2.8199847 1.7264531 3.082208
3.135732 1.7283026 3.0839286
-2.8044748 2.0831783 -2.7416027
-2.4900656 2.080207 -2.7410955
-2.1766312 2.0752876 -2.7436554
-1.8632592 2.070953 -2.746617
-1.5489576 2.0703442 -2.7473314
-1.2328849 2.0744195 -2.7451057
-0.91715324 2.0803173 -2.745073
-0.6039491 2.0834987 -2.7494464
-0.29277894 2.0844755 -2.7544768
0.019126015 2.0828388 -2.7578332
0.33166292 2.0756416 -2.7602844
0.64596343 2.0557942 -2.7605846
0.95952713 2.0359478 -2.7597415
1.2728784 2.039089 -2.7605188
1.5858487 2.0549195 -2.765118
1.8996867 2.0691862 -2.7640426
2.2148318 2.078771 -2.7589304
2.5307064 2.0854676 -2.7536085
2.8467722 2.0872812 -2.7491636
-3.120344 2.0851946 -2.7452192
-2.8565738 1.9039342 -2.502021
-2.5417652 1.8992507 -2.5028348
-2.2274241 1.894635 -2.5048528
-1.9133533 1.8892529 -2.5072885
-1.5993855 1.8851069 -2.5096407
-1.2849349 1.8846035 -2.5098224
-0.9705446 1.888182 -2.5088036
-0.65749437 1.8952641 -2.5082042
-0.34534374 1.902109 -2.507728
-0.033963677 1.9086062 -2.5075853
0.2784664 1.9141552 -2.5053706
0.5926215 1.9219129 -2.5000176
0.9153774 1.9250097 -2.4865162
1.2383711 1.9184455 -2.4837124
1.5549394 1.9118311 -2.4973834
1.8641654 1.9048736 -2.507484
2.17463 1.9031953 -2.5099497
2.4859703 1.9045634 -2.5098858
2.7981071 1.9077165 -2.5073357
3.111778 1.9080017 -2.5037766
-2.8799713 1.9946076 -2.1911447
-2.5668757 1.9874384 -2.1941576
-2.2522633 1.9824091 -2.196654
-1.9368069 1.9781462 -2.1978517
-1.6220502 1.9705037 -2.1988356
-1.3079709 1.9639069 -2.1984437
-0.9939222 1.9629383 -2.196796
-0.6795723 1.9683766 -2.1939237
-0.36521402 1.9787228 -2.190142
-0.0519283 1.9844291 -2.1872742
0.2610347 1.9913825 -2.1845772
0.57462716 1.9955163 -2.181679
0.8903728 2.0110426 -2.1761312
1.2076695 2.0055485 -2.176313
1.5221741 1.9897933 -2.1848452
1.8356197 1.9915795 -2.1908321
2.1471488 1.989825 -2.1957948
2.4601657 1.9861497 -2.1976845
2.7748234 1.9893601 -2.1954691
3.089661 1.9950758 -2.191649
-2.8830647 2.0224822 -1.8636438
-2.5712676 2.0202618 -1.8682767
-2.2596486 2.0166383 -1.8750052
-1.9448279 2.0151947 -1.8773437
-1.6296067 2.0105953 -1.8772489
-1.3165976 2.00411 -1.8763021
-1.0046015 2.0010004 -1.875151
-0.6910936 2.0038803 -1.87179
-0.37590235 2.0109265 -1.8653129
-0.061312485 2.01842 -1.8587466
0.25198865 2.0221982 -1.8546087
0.56755847 2.0228682 -1.8509463
0.8856714 2.0249088 -1.8466012
1.2063053 2.0256283 -1.843878
1.5174378 2.0091002 -1.8522998
1.829409 2.0098963 -1.8602834
2.1424074 2.0144672 -1.8656362
2.4542387 2.0135891 -1.8701054
2.7686245 2.014508 -1.8696612
3.085115 2.019257 -1.8651581
-2.5633302 2.0381882 -1.5428941
-2.2545736 2.0445838 -1.551194
-1.9456439 2.047581 -1.556716
-1.634467 2.036704 -1.5559193
-1.321885 2.0138323 -1.5508286
-1.0095804 1.99635 -1.5471747
-0.69636935 1.9891806 -1.543995
-0.37910852 1.9871718 -1.5365456
-0.059879154 1.9857676 -1.5260539
0.25751016 1.9857736 -1.5168743
0.56973386 1.9939479 -1.5164165
0.8843639 2.0021703 -1.5183786
1.1979572 2.0072668 -1.5224273
1.510958 2.0055957 -1.5284979
1.822358 2.006979 -1.5377309
2.13606 2.0128593 -1.5433294
2.4504642 2.017514 -1.5475775
2.7670555 2.0239506 -1.5478671
3.0871844 2.030176 -1.5424615
-2.8769395 2.0339065 -1.5392702
-2.6858332 1.847436 -1.2919277
-2.3767853 1.8514231 -1.2972034
-2.069262 1.8611964 -1.303049
-1.7591271 1.87222 -1.3007098
-1.4430944 1.8793544 -1.2878965
-1.1216211 1.8787705 -1.2708354
-0.7988544 1.875308 -1.2605541
-0.47584796 1.8707244 -1.2567512
-0.15130456 1.8630577 -1.2501513
0.17064653 1.8526787 -1.2407008
0.4855951 1.8454565 -1.236527
0.7858905 1.8348608 -1.2519329
1.0879428 1.8309966 -1.2628189
1.3965439 1.8331172 -1.272184
1.7111721 1.8377604 -1.2774584
2.025849 1.8415821 -1.2834812
2.340075 1.8426877 -1.2899052
2.6548884 1.8463868 -1.2936572
2.9701111 1.8495164 -1.2941918
-2.9983366 1.8482795 -1.2921298
-2.7194421 1.943249 -0.98734564
-2.4127672 1.9383166 -0.98800236
-2.112983 1.9500024 -0.9974468
-1.8136938 1.9697064 -1.0037621
-1.5060924 1.9805871 -0.99855936
-1.1921649 1.988875 -0.99129295
-0.87319386 1.9899333 -0.9851212
-0.55032986 1.9880006 -0.98408854
-0.22580165 1.9868116 -0.9833832
0.10166185 1.981096 -0.9756622
0.42383996 1.981179 -0.9706168
0.7502756 1.9825356 -0.97169
1.077415 1.9828551 -0.97225404
1.3922013 1.9679809 -0.97225475
1.7031127 1.9578311 -0.9742703
2.0110164 1.9575022 -0.98214716
2.319224 1.9557129 -0.9891789
2.6300566 1.9520485 -0.99194163
2.9413195 1.9552984 -0.9950309
-3.0305321 1.9540148 -0.9934384
-2.7467308 1.9891763 -0.67687315
-2.4389062 1.9767319 -0.6717987
-2.135749 1.9839823 -0.67531836
-1.836517 2.0155878 -0.6820403
-1.5362153 2.0453992 -0.68498206
-1.2273207 2.057798 -0.68213195
-0.9120768 2.0656123 -0.6782355
-0.59399277 2.0642781 -0.6800594
-0.26912707 2.059034 -0.6802508
0.056279313 2.0588481 -0.67881596
0.3862649 2.0552063 -0.67541724
0.7205818 2.0381672 -0.66984534
1.0488644 2.013447 -0.6602864
1.3650104 2.0059943 -0.6574019
1.6781999 2.0017529 -0.6574254
1.9890245 1.9994416 -0.66293263
2.2978246 1.9998273 -0.67137635
2.606945 1.9967699 -0.6767338
2.916274 1.9945099 -0.6807126
-3.0572493 1.9963757 -0.6825064
-2.7692897 2.0053802 -0.35724902
-2.459127 1.9942824 -0.35167405
-2.1519141 1.9891657 -0.35304365
-1.8427649 1.9956249 -0.35253185
-1.5247353 1.999283 -0.34503615
-1.2025124 2.0058727 -0.33670005
-0.8842455 2.008318 -0.33322307
-0.5706963 2.0055456 -0.3354337
-0.25997064 2.0049043 -0.34519765
0.057596043 2.0001612 -0.34985527
0.37472627 2.0037432 -0.35385275
0.6884316 2.0030289 -0.3593031
1.0039766 2.0094304 -0.35346583
1.3265696 2.0169914 -0.33894578
1.6447722 2.017384 -0.33463728
1.9597601 2.0154622 -0.33787048
2.2721102 2.014466 -0.344695
2.5836682 2.0133388 -0.35028934
2.8946786 2.0126107 -0.3551423
-3.0790236 2.0116813 -0.35942337
-2.8372085 1.9907006 0.022629734
-2.5214326 1.9853615 0.014181024
-2.2059991 1.9778329 0.006445451
-1.8922817 1.955164 -0.010042987
-1.5790347 1.9093121 -0.03420165
-1.2639449 1.8748404 -0.050553583
-0.9453679 1.8631158 -0.05759384
-0.6285069 1.85512 -0.06490313
-0.3133551 1.8513919 -0.07619293
0.0033889124 1.8553526 -0.08881226
0.28381583 2.0389266 0.14065139
0.60696816 2.0474024 0.12173163
0.9305512 2.0405588 0.108221866
1.2463102 2.029881 0.086593896
1.5546908 2.0184698 0.06548346
1.8656988 2.0116117 0.05531636
2.1804585 2.0071175 0.049401924
2.49603 2.0026345 0.043424867
2.812256 1.9981374 0.038350094
3.1292937 1.9943845 0.031826347
-2.796886 2.0234551 0.36227936
-2.483119 2.0180905 0.35179344
-2.169119 2.0140314 0.34054667
-1.8580378 2.0210354 0.3218422
-1.5577887 2.0308394 0.2915941
-1.2584368 2.0179977 0.2649808
-0.9479677 1.9973909 0.24824339
-0.63444084 1.9941 0.23330873
-0.32284877 1.9933121 0.2245421
-0.017734393 2.0087533 0.20491475
0.29988053 2.0149891 0.45771393
0.6243078 2.025457 0.4414629
0.95028865 2.0365987 0.43427834
1.2728359 2.0419667 0.42327467
1.5894389 2.0409002 0.40978026
1.9032977 2.0391324 0.39870495
2.218875 2.0377755 0.39067224
2.5365803 2.0347056 0.3847666
2.8547022 2.0303895 0.37987944
-3.1116562 2.0266683 0.3724589
-2.8123806 1.9518616 0.6731377
-2.496229 1.953751 0.66528887
-2.1801124 1.955646 0.6571068
-1.8639754 1.9622517 0.64638406
-1.5524313 1.9789815 0.63180894
-1.2522289 2.003116 0.60551435
-0.9501935 2.022669 0.5767598
-0.6420801 2.0253005 0.55652386
-0.32814345 2.0183792 0.5514724
-0.02270304 2.009567 0.5407357
0.27703094 1.9089519 0.7412982
0.6019227 1.9232358 0.7313543
0.9245746 1.9309312 0.72395444
1.2473288 1.9361924 0.71690845
1.56832 1.9411937 0.7108613
1.8865187 1.9457949 0.7059203
2.2029915 1.9533986 0.6992624
2.519961 1.9576256 0.69199026
2.8370671 1.954777 0.68641603
-3.1291697 1.9518288 0.6803639
-2.849837 2.1444247 0.9372159
-2.538793 2.1450424 0.932102
-2.2288897 2.146682 0.9258691
-1.9193568 2.1503043 0.91791695
-1.6069528 2.1584952 0.9137513
-1.2914326 2.1604662 0.915302
-0.9753922 2.134549 0.9109714
-0.6545743 2.1001985 0.9103315
-0.349234 2.0616233 0.9001393
-0.051725656 2.0175936 0.8919917
0.2803892 2.1180868 0.97075915
0.59551966 2.1317525 0.9613936
0.9086003 2.138733 0.95414615
1.2250295 2.1384783 0.9514704
1.5442472 2.1371863 0.95282406
1.8632411 2.138616 0.95465654
2.1794677 2.1446338 0.95317906
2.494706 2.149549 0.9498592
2.80922 2.149347 0.9467127
3.1217039 2.1461866 0.94249475
-2.9076009 2.0433018 1.3179562
-2.5948243 2.0441747 1.3134758
-2.2809794 2.0466058 1.310038
-1.9666191 2.0517251 1.3076543
-1.654233 2.059233 1.3014364
-1.3395338 2.0677419 1.2964525
-1.0172064 2.0749886 1.3054532
-0.6931192 2.0799017 1.3175927
-0.38550147 2.0652025 1.2969234
-0.09399014 2.0297236 1.2504437
0.22633143 2.0387292 1.2884839
0.55308604 2.0270066 1.3220354
0.86342984 2.0249782 1.3165646
1.1755824 2.0283046 1.3113894
1.4895316 2.0330217 1.3105861
1.8041395 2.0380044 1.3138016
2.119594 2.0428958 1.3199232
2.4345307 2.0457222 1.3239051
2.748401 2.0455146 1.3232509
3.0620112 2.0439813 1.3208003
-2.9301963 1.997472 1.6416993
-2.6158082 1.998749 1.6395025
-2.3028262 2.001101 1.6354887
-1.9876189 2.0045125 1.6342363
-1.6722624 2.0097783 1.6328541
-1.3612508 2.017372 1.6274885
-1.0476035 2.0220299 1.6291386
-0.72498816 2.005604 1.6389654
-0.41424975 1.9972298 1.6401877
-0.11581451 1.9923862 1.6199353
0.18496205 1.9909782 1.6049144
0.5052245 1.9974103 1.6285019
0.8317417 1.9904889 1.6388814
1.147342 1.985806 1.633346
1.4624308 1.9820961 1.6301597
1.77699 1.983285 1.6317861
2.0922635 1.9886074 1.6373535
2.4084663 1.9936544 1.6431481
2.7238717 1.995895 1.6448793
3.038479 1.9967738 1.6436437
-2.6878695 1.8946819 1.9377642
-2.3736937 1.8961833 1.9364611
-2.060239 1.9004822 1.9326818
-1.742834 1.9008825 1.9315503
-1.4266304 1.903484 1.931634
-1.1130899 1.9162084 1.9307973
-0.79336154 1.9161103 1.9330777
-0.47357082 1.8621912 1.9294281
-0.16973414 1.8585688 1.9242587
0.1340021 1.8800707 1.9188131
0.4420598 1.8860626 1.9160606
0.762183 1.8863965 1.9236033
1.082718 1.8817986 1.9260504
1.3973391 1.8810225 1.9244949
1.7104751 1.8810802 1.9253985
2.0241437 1.883544 1.9293659
2.3387687 1.8874874 1.9353011
2.653388 1.8905826 1.9393568
2.9674203 1.8926735 1.9401025
-3.001848 1.8937684 1.9390395
-2.719941 1.9809934 2.249132
-2.4038475 1.9793011 2.2482576
-2.088667 1.9794743 2.2457905
-1.7734053 1.9882059 2.2422016
-1.4569132 1.979944 2.243759
-1.1429056 1.9786077 2.2441735
-0.82665735 2.000902 2.2444332
-0.50971496 2.0093608 2.2422006
-0.20521434 1.971827 2.235245
0.104121886 1.9661403 2.232005
0.41146535 1.9801713 2.2258577
0.7193515 1.9877235 2.224872
1.034951 1.981236 2.2316322
1.3519104 1.9723656 2.235813
1.6668962 1.9696542 2.2369025
1.9814239 1.9712125 2.238152
2.2975664 1.9748057 2.2424414
2.614427 1.9774367 2.2471027
2.9307775 1.9798001 2.2491868
-3.0362024 1.9817665 2.249389
-2.729691 2.0114884 2.5669093
-2.4145207 2.0078511 2.5658634
-2.1000783 2.0041633 2.5638785
-1.7868052 2.007194 2.5608034
-1.4696343 2.0097277 2.5605385
-1.1576582 1.9997267 2.5606108
-0.84520006 2.0016408 2.5599658
-0.5263592 2.0093248 2.5607216
-0.2101997 2.0171287 2.5580568
0.10082222 2.004223 2.5572226
0.41039756 1.9987545 2.5524383
0.7214867 2.0070012 2.5487065
1.0368619 2.0099993 2.551963
1.3519233 2.0076098 2.5546145
1.6654485 2.0032864 2.5565116
1.9774638 2.0056875 2.55639
2.2916193 2.0080383 2.5596879
2.6073258 2.0088084 2.5640736
2.92274 2.0097063 2.5667305
-3.045267 2.0117488 2.567208
-2.7796435 2.0118363 2.9028888
-2.4650729 2.0087726 2.9016788
-2.1516259 2.0044806 2.8992667
-1.8388672 2.0037935 2.8966112
-1.5258017 2.0080981 2.894836
-1.2110451 2.0082664 2.8956733
-0.89866906 2.005627 2.8931959
-0.58361745 2.0021722 2.8907974
-0.2665773 2.0048473 2.8909752
0.049637873 2.004041 2.8917332
0.36271372 1.9947035 2.8901417
0.6723766 1.9930412 2.8838837
0.98330116 1.9986145 2.8820384
1.2978846 2.0017185 2.8854742
1.6136744 2.0008514 2.8892524
1.9281148 2.0028636 2.8920565
2.2422898 2.0084162 2.8937151
2.5575423 2.0102198 2.8967505
2.873087 2.0102055 2.8999245
-3.0948443 2.011525 2.9022353
-2.8205028 1.9923171 -3.0519023
-2.506611 1.9900681 -3.052099
-2.1931896 1.986597 -3.0547545
-1.8795503 1.985472 -3.058067
-1.5653725 1.9895905 -3.0594902
-1.2515259 1.9957997 -3.0585623
-0.9385586 1.9949106 -3.0592763
-0.626989 1.9909282 -3.0640795
-0.31353948 1.9876667 -3.066517
0.0014517739 1.9806479 -3.066487
0.3168232 1.9722037 -3.0661554
0.63149494 1.9705565 -3.0691252
0.9431076 1.9775014 -3.072846
1.2556931 1.9804655 -3.0739853
1.5693983 1.9753374 -3.0743675
1.8852578 1.9743781 -3.0697079
2.2020178 1.9808156 -3.0651245
2.5178175 1.9871167 -3.0609756
2.8330848 1.990969 -3.0572238
-3.135075 1.9925077 -3.0540826
-2.95103 2.3737502 -2.76635
-2.6341138 2.371237 -2.7631266
-2.3208485 2.3664362 -2.7657683
-2.0088832 2.3615587 -2.770125
-1.6964697 2.3594005 -2.7723987
-1.3829849 2.3611543 -2.7721865
-1.0681282 2.3656528 -2.7710874
-0.7529508 2.3700325 -2.7711582
-0.43923113 2.3730614 -2.7735283
-0.12704445 2.3731904 -2.7760093
0.18887256 2.3692238 -2.7741828
0.50141984 2.3550851 -2.778684
0.8089537 2.3359323 -2.7884448
1.1164905 2.3297782 -2.7935894
1.4300258 2.3402336 -2.7892606
1.7467402 2.3560166 -2.783729
2.0651865 2.3676255 -2.7769532
2.382815 2.3739758 -2.7716799
2.6991155 2.3760965 -2.7701013
3.014565 2.3751082 -2.7701833
-2.8463671 2.2268395 -2.4043844
-2.52998 2.223343 -2.401711
-2.216112 2.218638 -2.403223
-1.9038845 2.2116866 -2.408483
-1.5905956 2.2051125 -2.4122794
-1.2753739 2.2026305 -2.4121904
-0.9586915 2.2056234 -2.4092388
-0.64348495 2.2123263 -2.40699
-0.33170056 2.2181702 -2.408274
-0.021387154 2.2224765 -2.409673
0.289319 2.2263315 -2.4101396
0.59972 2.2332952 -2.4093194
0.9069766 2.234606 -2.416504
1.2143291 2.2265043 -2.4262805
1.5282964 2.2207637 -2.426576
1.8447101 2.218825 -2.4263573
2.1636345 2.2189045 -2.422579
2.4845347 2.2219923 -2.4153125
2.8043995 2.2273269 -2.4085515
3.1213675 2.2294574 -2.4053538
-2.8162785 2.2917676 -2.0045655
-2.5041 2.2873042 -2.008599
-2.18799 2.284588 -2.0100503
-1.8748107 2.2808366 -2.0156054
-1.5641623 2.273303 -2.026078
-1.2524498 2.2667792 -2.0331624
-0.93772125 2.266059 -2.0342278
-0.62030476 2.2713661 -2.0293796
-0.30316684 2.2799969 -2.021858
0.010060325 2.2845678 -2.018918
0.32382903 2.2878654 -2.014831
0.63735956 2.2890205 -2.0108929
0.9555992 2.2978275 -1.9993842
1.2626579 2.2916832 -2.0060244
1.5636418 2.277892 -2.0220163
1.8750882 2.2812808 -2.026056
2.1881824 2.2834141 -2.0285203
2.5039184 2.281067 -2.0286584
2.8265262 2.2840354 -2.0201004
-3.133262 2.2900808 -2.0085926
-3.059118 2.3144867 -1.6226234
-2.730881 2.3210254 -1.6101742
-2.4139347 2.329109 -1.6135097
-2.1021428 2.3343987 -1.6246247
-1.7830751 2.3310397 -1.626091
-1.4722797 2.3122118 -1.6365193
-1.1634445 2.2948983 -1.6456832
-0.85316736 2.2869456 -1.6505809
-0.5375951 2.2851808 -1.6467593
-0.21794905 2.285997 -1.6346843
0.09988015 2.2878444 -1.6242142
0.41241074 2.2926853 -1.6192796
0.72458345 2.297238 -1.6150897
1.0393841 2.303341 -1.6080275
1.356439 2.3050392 -1.6012523
1.6561437 2.2989194 -1.6194062
1.9578335 2.300844 -1.633838
2.27028 2.3059711 -1.6346471
2.5810626 2.3091934 -1.6382525
2.896581 2.3110847 -1.6368759
-2.8800352 2.171641 -1.2414315
-2.5565968 2.170483 -1.2337489
-2.244865 2.1824853 -1.237368
-1.9396524 2.1988363 -1.246013
-1.6317071 2.2058203 -1.2484814
-1.3274641 2.2084787 -1.2540878
-1.0282727 2.2002368 -1.2662615
-0.7250363 2.193898 -1.276591
-0.41632792 2.1902049 -1.2782147
-0.10096886 2.1838777 -1.2696187
0.21487646 2.1794152 -1.2618302
0.53153235 2.178163 -1.2555001
0.84965456 2.1729212 -1.2499377
1.1709445 2.1679766 -1.2436754
1.4909031 2.1632168 -1.2405978
1.8043976 2.1672192 -1.248355
2.1171634 2.1694884 -1.2562276
2.4347203 2.1682224 -1.2578427
2.7522414 2.173412 -1.2600819
3.0744634 2.177205 -1.2547181
-2.8473334 2.258013 -0.9084854
-2.518306 2.2451205 -0.891605
-2.196621 2.2545912 -0.881787
-1.8827562 2.2829192 -0.88122696
-1.5712817 2.303333 -0.8848427
-1.2581553 2.3115113 -0.88524574
-0.9515495 2.3152404 -0.8919254
-0.6601204 2.307698 -0.9175517
-0.3572835 2.3039591 -0.92748094
-0.04864623 2.3025234 -0.9293573
0.26382375 2.3009193 -0.92584556
0.58136445 2.292948 -0.91743904
0.9041154 2.2821977 -0.90618587
1.2233216 2.280363 -0.90274554
1.5399154 2.268583 -0.9006413
1.8538489 2.2634785 -0.9042156
2.1659126 2.2646773 -0.911439
2.4781067 2.2610366 -0.9168085
2.792484 2.2588096 -0.919945
3.1102698 2.2648125 -0.9194968
-2.8013117 2.2898974 -0.5425436
-2.4805748 2.278621 -0.5299935
-2.1528375 2.2770762 -0.5091748
-1.8237083 2.2874362 -0.48295882
-1.499253 2.2948124 -0.45943198
-1.1858675 2.30288 -0.45352176
-0.87357074 2.308713 -0.44847634
-0.5708444 2.3073568 -0.4572589
-0.28759083 2.313968 -0.49593288
0.017290708 2.3159034 -0.5092904
0.3321532 2.3185112 -0.5157051
0.6524317 2.3152897 -0.5195521
0.97149235 2.3086028 -0.52427095
1.2892452 2.3017523 -0.5260201
1.6079215 2.2980368 -0.52464855
1.9236946 2.2964153 -0.5275673
2.2365737 2.295958 -0.5326401
2.5480695 2.2935884 -0.5371166
2.8577418 2.2919633 -0.54244685
-3.115159 2.2935686 -0.54595757
-2.7877162 2.2407277 -0.14621773
-2.4685488 2.2381191 -0.1497325
-2.13853 2.23026 -0.14030054
-1.7999983 2.216939 -0.10820703
-1.4773072 2.1962223 -0.07737992
-1.1673347 2.1831923 -0.05982864
-0.86372703 2.1867085 -0.058889106
-0.5591028 2.1848364 -0.057965454
-0.26282752 2.189947 -0.07157505
0.014612504 2.212047 -0.11650157
0.32169822 2.2223113 -0.13272093
0.6388575 2.2281163 -0.1373687
0.9549505 2.2311833 -0.13721107
1.2741306 2.2432687 -0.13327585
1.5965652 2.2516763 -0.12880063
1.91698 2.251025 -0.12769581
2.2337298 2.2481704 -0.13054213
2.5488312 2.2452471 -0.13436112
2.8641815 2.2421942 -0.1372323
-3.1035237 2.240578 -0.14102924
-3.020855 2.303905 0.22431475
-2.7099957 2.300622 0.21770704
-2.3993232 2.2952094 0.21016791
-2.0868673 2.2973166 0.20417924
-1.7651491 2.3124294 0.2116711
-1.4230404 2.3175628 0.24548694
-1.0863056 2.3023088 0.28011504
-0.7693356 2.2933686 0.2914621
-0.45260006 2.2935445 0.29994267
-0.14341941 2.2922938 0.30294073
0.14559041 2.3131113 0.26362994
0.4567498 2.3288407 0.25350717
0.76833385 2.336508 0.25039086
1.0764866 2.3352177 0.2485928
1.3840855 2.3284883 0.24760294
1.6938767 2.3214614 0.24454613
2.008256 2.3178427 0.24189676
2.323759 2.3149695 0.23874664
2.6378868 2.3102958 0.2349555
2.9507294 2.3058674 0.23035707
-2.9014568 2.2769442 0.6106091
-2.5955555 2.2763252 0.6025432
-2.2915971 2.2740245 0.59239084
-1.9867492 2.272468 0.5816076
-1.6745791 2.2815905 0.5794011
-1.3492082 2.30192 0.60042936
-1.0062776 2.3172767 0.64278644
-0.669352 2.3156466 0.6742076
-0.35181677 2.3018782 0.6841788
-0.035512257 2.282283 0.7003266
0.25777557 2.25913 0.653591
0.5662016 2.2679121 0.63576096
0.88467 2.276027 0.6346696
1.2059405 2.2816494 0.6389266
1.5229619 2.283733 0.6416411
1.8329768 2.2833204 0.63761663
2.1413476 2.285195 0.631137
2.4519691 2.2861767 0.62613416
2.7633328 2.2832515 0.6220324
3.0735056 2.2792523 0.6173013
-2.8145814 2.3251822 1.2186922
-2.5020015 2.3260102 1.2143669
-2.1902347 2.3277826 1.2093074
-1.8825729 2.3321147 1.1990577
-1.5699588 2.3393524 1.1935209
-1.2430363 2.3476782 1.2007155
-0.9301812 2.343088 1.1853046
-0.62890077 2.3317468 1.1588647
-0.32222557 2.3164887 1.1449373
-0.032722507 2.2901568 1.1191139
0.31538263 2.3263187 1.2116756
0.6439185 2.3125358 1.2384017
0.9601517 2.3122473 1.2412238
1.2701788 2.3166144 1.2327964
1.5800072 2.3226118 1.2249827
1.8928554 2.3270917 1.222307
2.209519 2.3294704 1.2247767
2.5274997 2.329806 1.2278312
2.8444114 2.3283997 1.2287207
-3.125065 2.3262496 1.2255949
-2.736181 2.2916524 1.6197374
-2.4252584 2.2937586 1.6134801
-2.1110728 2.29588 1.6112713
-1.7975049 2.300105 1.6096992
-1.4893093 2.3081946 1.6019838
-1.1777695 2.316147 1.5972203
-0.85293216 2.3064609 1.6097159
-0.543701 2.3033483 1.6126618
-0.25624532 2.2942412 1.5878763
0.025011208 2.2733684 1.5508869
0.3391132 2.2899077 1.5660836
0.69160175 2.2838352 1.6151114
1.0206354 2.2784345 1.6258699
1.3396688 2.2736313 1.6244196
1.6537985 2.2760167 1.6193426
1.9674988 2.2820275 1.6170608
2.2835276 2.288473 1.6190544
2.6009855 2.2915578 1.6221924
2.9179513 2.2917955 1.623664
-3.0495524 2.291338 1.6231118
-2.9875002 2.1925993 1.977555
-2.6706793 2.1926074 1.9771007
-2.3557043 2.1938803 1.9743419
-2.0427582 2.198402 1.9696666
-1.7256914 2.1979496 1.9704121
-1.4109988 2.2001178 1.9703408
-1.1021786 2.213231 1.9652231
-0.7912319 2.2179716 1.9649968
-0.48031133 2.17559 1.9625578
-0.17167029 2.1690698 1.9600912
0.12240361 2.1821115 1.9407182
0.41922873 2.1881928 1.9279546
0.74203825 2.1899686 1.9529285
1.0695232 2.1825588 1.9699033
1.3897871 2.1791244 1.972546
1.7067785 2.1787283 1.9698191
2.0239124 2.1818845 1.9686615
2.3422794 2.1867242 1.971447
2.660725 2.190478 1.9751692
2.9783103 2.1923597 1.9769274
-2.885363 2.283509 2.337489
-2.5688846 2.2816238 2.3376446
-2.253241 2.2792768 2.3364244
-1.9394344 2.2820702 2.3328176
-1.6227596 2.2871506 2.331826
-1.3061023 2.2786841 2.3340666
-0.9908319 2.281554 2.3344326
-0.671096 2.2985513 2.3376307
-0.3604494 2.3043885 2.3263922
-0.05388105 2.2709615 2.324289
0.2543227 2.266288 2.3183122
0.5616719 2.2782927 2.3109608
0.880996 2.2829149 2.3256187
1.1963563 2.279931 2.3332808
1.5087827 2.2733154 2.3346906
1.8179986 2.2736056 2.329377
2.1313634 2.2744539 2.3286567
2.447983 2.2765923 2.3319595
2.765242 2.2790294 2.3359299
3.0814013 2.282106 2.33713
-2.7846434 2.2845757 2.7253628
-2.4689527 2.2820344 2.724234
-2.154129 2.2784057 2.7224662
-1.8404644 2.2783837 2.719771
-1.526041 2.2810218 2.7169077
-1.2088463 2.2797215 2.7175794
-0.89514095 2.2763374 2.717564
-0.57973474 2.277417 2.7194293
-0.262917 2.2822392 2.7186031
0.05102388 2.2818253 2.7169926
0.35864934 2.2713068 2.7129173
0.6639083 2.2743855 2.7047307
0.9784696 2.280639 2.7091203
1.2996352 2.2812407 2.7195694
1.6157478 2.2789886 2.7238357
1.9266704 2.2790349 2.7217634
2.237014 2.2826853 2.7185478
2.551293 2.283874 2.7204616
2.8674233 2.2843301 2.7243476
-3.1000478 2.2848551 2.72606
-2.7337017 2.269963 -3.1413507
-2.4201612 2.2666183 3.1394336
-2.1064727 2.263231 3.1366947
-1.7926558 2.2634864 3.1346586
-1.4783047 2.26821 3.1335926
-1.1632836 2.271347 3.13272
-0.8480161 2.2691526 3.133059
-0.5347118 2.2654204 3.130333
-0.2190723 2.2635791 3.131882
0.09431572 2.2584643 3.1334417
0.40482417 2.2491834 3.1300175
0.71469575 2.24821 3.120826
1.0272597 2.2553089 3.116741
1.344798 2.2590954 3.1234527
1.6624011 2.2575936 3.1318932
1.9772695 2.2587652 3.1364007
2.2902932 2.2643154 3.1369085
2.602826 2.2684016 3.1356335
2.9180045 2.2703292 3.1370127
-3.048588 2.271098 3.1407738
-3.1071856 2.6588087 -2.7769523
-2.7876215 2.6574554 -2.7713416
-2.4725003 2.654082 -2.7713683
-2.1596982 2.6496947 -2.7746572
-1.8482469 2.64709 -2.7789524
-1.5393078 2.647514 -2.7848108
-1.2307545 2.6503935 -2.7905998
-0.9191861 2.653905 -2.7935624
-0.60453844 2.6571677 -2.7937746
-0.2879312 2.6598535 -2.7925246
0.027250396 2.6567986 -2.7929738
0.3437776 2.6469202 -2.7916255
0.6615116 2.6320884 -2.7872744
0.97106963 2.621139 -2.7888017
1.2724383 2.6229417 -2.7971122
1.5805135 2.6360915 -2.7996128
1.9019024 2.6499429 -2.7902086
2.2223675 2.657511 -2.7840831
2.5380073 2.659622 -2.7845912
2.855766 2.659386 -2.782567
-2.8838744 2.5203598 -2.279223
-2.5674198 2.5186906 -2.2766182
-2.2532845 2.5160403 -2.2776947
-1.944858 2.5099149 -2.2873387
-1.635681 2.5039053 -2.2973268
-1.323587 2.5010822 -2.3025892
-1.0093342 2.5035212 -2.3033617
-0.6930608 2.5100627 -2.300297
-0.3762489 2.5159636 -2.2961762
-0.060466297 2.5197034 -2.2925258
0.25279212 2.5209098 -2.2908933
0.5707038 2.525609 -2.2825575
0.8823244 2.5234406 -2.2837584
1.1897004 2.5128474 -2.2933607
1.4986873 2.5075016 -2.3001552
1.8090986 2.509478 -2.3042104
2.1235375 2.5115156 -2.3028655
2.4457657 2.5145118 -2.2927446
2.768167 2.519175 -2.282669
3.0857468 2.5218534 -2.278511
-2.9854271 2.5936036 -1.7430891
-2.6651704 2.6005166 -1.7401274
-2.3544538 2.6062589 -1.751773
-2.0365124 2.6087267 -1.7580875
-1.7209537 2.6001728 -1.7648075
-1.4168848 2.585723 -1.7813113
-1.111627 2.5753937 -1.7929472
-0.8004298 2.5722382 -1.795489
-0.4831234 2.5742266 -1.7891505
-0.1613471 2.5783913 -1.7755095
0.15788071 2.581612 -1.763141
0.4742223 2.5851755 -1.754002
0.78608334 2.588992 -1.7515545
1.1097059 2.5955129 -1.7356912
1.415656 2.5903485 -1.7421424
1.708227 2.5830746 -1.7653086
2.0140092 2.5870187 -1.7736325
2.3270583 2.5915706 -1.7728894
2.640417 2.5904741 -1.77332
2.967451 2.5905232 -1.7598639
-3.0013027 2.4777305 -1.2484764
-2.6688766 2.4724963 -1.2279117
-2.3410618 2.4848344 -1.2120504
-2.0284452 2.5048196 -1.2139453
-1.7210292 2.5164459 -1.2233237
-1.4093217 2.5223305 -1.2255393
-1.1197275 2.5144782 -1.2533413
-0.824837 2.5076046 -1.2759117
-0.51872265 2.503692 -1.285036
-0.20312628 2.5008438 -1.283504
0.11991886 2.498581 -1.2727457
0.4453636 2.495389 -1.2579817
0.76843745 2.4896836 -1.2461675
1.0864174 2.486246 -1.2423788
1.4100659 2.4816296 -1.2306592
1.7268348 2.4840617 -1.2282562
2.0253553 2.4822392 -1.2473203
2.3308058 2.4781072 -1.2581832
2.64639 2.4822218 -1.2567779
2.9603767 2.486962 -1.2565027
-3.1047726 2.5736792 -0.75910366
-2.789371 2.5660253 -0.7524273
-2.478701 2.5513923 -0.7488787
-2.1522987 2.5542648 -0.72346187
-1.8134941 2.5669227 -0.68096703
-1.4886664 2.577298 -0.6577706
-1.1762639 2.5841055 -0.65284336
-0.86168337 2.5874882 -0.6473089
-0.5851994 2.586881 -0.6900091
-0.29347792 2.5882838 -0.7194588
0.0133424215 2.588566 -0.7328116
0.33326516 2.589018 -0.7341826
0.6582857 2.5864465 -0.73147804
0.98096436 2.581608 -0.7318508
1.3035065 2.5791452 -0.7306404
1.6220205 2.5732033 -0.7334005
1.9422528 2.5722158 -0.7328736
2.2589056 2.572401 -0.7352266
2.5584993 2.56846 -0.75295806
2.860697 2.5672204 -0.7653477
-3.0625935 2.5292897 -0.21714637
-2.7490401 2.5308561 -0.21800919
-2.4357777 2.531052 -0.21629329
-2.1289954 2.5276668 -0.21784753
-1.8015925 2.5178173 -0.19318104
-1.4525999 2.5016394 -0.1444966
-1.120978 2.4920738 -0.120900676
-0.7945615 2.49592 -0.10821762
-0.4729976 2.4937625 -0.098923504
-0.1899243 2.5097177 -0.13467573
0.1051519 2.520905 -0.15867697
0.41031986 2.5269537 -0.17135769
0.7229272 2.5305758 -0.17588924
1.0359061 2.5327911 -0.17883654
1.3478822 2.5380416 -0.18468294
1.6625048 2.5404155 -0.18852682
1.9775933 2.539113 -0.19162913
2.2935352 2.5367122 -0.19288625
2.6084034 2.5341728 -0.19485413
2.9154735 2.5308409 -0.2056172
-3.0983124 2.5924315 0.33808616
-2.7969656 2.5926542 0.32416973
-2.4973876 2.5904214 0.309596
-2.1861117 2.5881882 0.3093366
-1.8710904 2.5985627 0.31613404
-1.5586466 2.6148822 0.321514
-1.2358801 2.6164327 0.33464944
-0.9023837 2.6030154 0.3581443
-0.58284867 2.5921412 0.36531827
-0.24331748 2.5871937 0.38837206
0.076563574 2.5862305 0.39303762
0.3828817 2.6005201 0.38228694
0.6891052 2.6133807 0.37099266
0.9988958 2.619117 0.3632405
1.3126218 2.6163628 0.36012033
1.6253108 2.6096528 0.3566263
1.9380412 2.605282 0.35396084
2.2515244 2.6028335 0.35194895
2.562971 2.5999873 0.34744993
2.874828 2.5951846 0.34359542
-2.8599637 2.517504 0.8603664
-2.5519726 2.51702 0.85470045
-2.2519212 2.518407 0.8413432
-1.9539274 2.518751 0.8270709
-1.6435791 2.5190852 0.82805854
-1.3166034 2.5341399 0.8513435
-0.9869306 2.5521953 0.87251663
-0.64600235 2.5646718 0.8947654
-0.30509824 2.5627131 0.9149194
-0.0024540133 2.5539954 0.8952191
0.3129755 2.5112934 0.89333063
0.6190172 2.500453 0.88799846
0.92745596 2.508457 0.8838802
1.2362186 2.5172436 0.8786758
1.5492092 2.5239296 0.8768388
1.8640802 2.5255692 0.8760869
2.1786475 2.5253954 0.8758077
2.4937315 2.5249314 0.87629277
2.8064177 2.5227382 0.87384504
3.1148064 2.5201252 0.86693275
-2.8031895 2.5952423 1.42547
-2.4952915 2.596722 1.4151583
-2.1770606 2.5969124 1.4161518
-1.8661219 2.5993001 1.4098692
-1.5660713 2.6085658 1.3924428
-1.2544286 2.6171908 1.3880368
-0.8968613 2.6074142 1.4367266
-0.5758373 2.597774 1.4509526
-0.27160257 2.5888062 1.4485382
0.039698735 2.5716453 1.4513047
0.3502348 2.5867565 1.4514799
0.67066246 2.588106 1.4526143
0.9715422 2.5831501 1.4391819
1.2857244 2.5802803 1.440751
1.5979465 2.5848746 1.4391307
1.9116374 2.5907128 1.4388503
2.2244432 2.5960221 1.4366719
2.5391746 2.5981908 1.4356859
2.8554575 2.5977669 1.4356948
-3.1130996 2.59622 1.4332741
-2.8946755 2.4995668 1.9627877
-2.5805717 2.4988012 1.9606304
-2.2696905 2.5008419 1.9543284
-1.9573027 2.5048912 1.9497781
-1.6369336 2.5033321 1.956166
-1.3234845 2.50788 1.95428
-1.0146875 2.521268 1.9466413
-0.7022738 2.5227394 1.944703
-0.3699116 2.4892926 1.9749011
-0.062449463 2.4820719 1.9667381
0.23365332 2.4820418 1.9422599
0.55603176 2.4874864 1.9548244
0.8760121 2.4918153 1.9649502
1.1901674 2.4871426 1.967249
1.4953039 2.4858413 1.9576036
1.8089602 2.4854257 1.9567366
2.124583 2.4889495 1.9580885
2.4419827 2.493904 1.9616028
2.7576978 2.4982822 1.9626632
3.073083 2.5001378 1.9628564
-2.9633813 2.5764506 2.4565518
-2.6473305 2.5762136 2.4562502
-2.3340335 2.5735645 2.4531794
-2.02303 2.573392 2.4475691
-1.7104772 2.5774968 2.442997
-1.3909974 2.577974 2.4456375
-1.0740098 2.572285 2.4483232
-0.75822467 2.5793526 2.4494715
-0.43564305 2.5907965 2.4544835
-0.11094149 2.5879848 2.4643342
0.19222224 2.562809 2.4581091
0.48612884 2.5676482 2.4387045
0.7950733 2.5784144 2.4380658
1.1195949 2.5793712 2.451661
1.4374877 2.5733886 2.4569733
1.7444526 2.568667 2.4503138
2.0517256 2.5699456 2.4439147
2.3666575 2.5703645 2.4461653
2.684395 2.5719867 2.451092
3.0024989 2.574238 2.454973
-3.0350997 2.5409482 2.9803104
-2.7190144 2.5387688 2.9809842
-2.4036765 2.5355837 2.980071
-2.0906012 2.5326931 2.9768631
-1.7798711 2.5328488 2.971154
-1.4681641 2.53532 2.965597
-1.153173 2.5363219 2.963689
-0.8344431 2.5343025 2.9677641
-0.5196545 2.5334623 2.9686224
-0.20497096 2.532692 2.969672
0.115140125 2.5286086 2.9777524
0.43301672 2.521112 2.9833946
0.7347222 2.5233562 2.9697118
1.0391428 2.5305552 2.9606094
1.3570229 2.5340078 2.9675586
1.6780286 2.5331948 2.978306
1.990961 2.533483 2.978881
2.300527 2.536647 2.9741907
2.6140058 2.5396757 2.9736006
2.9311886 2.5413938 2.977343
-2.9234142 2.8541095 -2.1593523
-2.6119592 2.859764 -2.1635458
-2.2977595 2.8621209 -2.1636739
-1.982865 2.8552017 -2.1626346
-1.6714089 2.8459167 -2.1665509
-1.3579577 2.83943 -2.169228
-1.0432783 2.8379242 -2.1704297
-0.7272077 2.8408024 -2.169263
-0.40785635 2.8445513 -2.1639678
-0.08662793 2.8473396 -2.1566374
0.23278683 2.849479 -2.1513486
0.53804815 2.8535247 -2.1608248
0.84450334 2.8508015 -2.1699095
1.1492898 2.8409145 -2.1807132
1.4422526 2.8349452 -2.2027414
1.7365874 2.83808 -2.2210405
2.0602472 2.8414068 -2.2068222
2.4045672 2.8455796 -2.1723216
2.7347596 2.848297 -2.1538572
3.0488198 2.849799 -2.1542222
-2.729541 2.7885487 -1.177197
-2.4058235 2.7937174 -1.1594336
-2.0788612 2.8061466 -1.1361965
-1.7605287 2.8147357 -1.1243877
-1.444776 2.821472 -1.1178243
-1.150024 2.8179326 -1.1359637
-0.8764492 2.8111503 -1.1802694
-0.5881865 2.8064837 -1.2117224
-0.27899837 2.8038034 -1.2223526
0.046284977 2.803693 -1.2162595
0.37978715 2.804516 -1.201339
0.7097208 2.803178 -1.1903108
1.0384932 2.8009145 -1.1806214
1.3624619 2.7996101 -1.175825
1.6896327 2.805265 -1.1661143
1.9875222 2.8024273 -1.1856488
2.2725918 2.7957292 -1.2174311
2.5816746 2.800724 -1.2224011
2.9064298 2.8086848 -1.207086
-3.0533595 2.7960005 -1.1923587
-2.9375982 2.8254154 -0.26217696
-2.5921814 2.8325284 -0.2289232
-2.2792006 2.8340597 -0.22824804
-1.9948881 2.826766 -0.25902796
-1.6584777 2.8188922 -0.23578382
-1.2991163 2.8116317 -0.1859285
-0.9476362 2.812802 -0.14608625
-0.61243206 2.8110423 -0.12317287
-0.29834402 2.8176692 -0.121571
-0.027574768 2.8248353 -0.16736154
0.2519563 2.830954 -0.20436722
0.54686475 2.8342276 -0.22456557
0.861344 2.836013 -0.22335926
1.181982 2.8371208 -0.21492204
1.5008359 2.8374362 -0.21015012
1.8204068 2.8363578 -0.20642158
2.1293497 2.8329778 -0.21433489
2.454482 2.8311048 -0.20482059
2.772473 2.8286822 -0.20353766
3.0542536 2.8252528 -0.23868029
-3.044499 2.8300886 0.8600209
-2.73132 2.826964 0.8589007
-2.423715 2.8269324 0.8529911
-2.1460392 2.831408 0.816898
-1.8566062 2.8346202 0.79447496
-1.4903532 2.8344007 0.85400784
-1.134055 2.8458073 0.90428585
-0.830532 2.8548496 0.89215267
-0.50534904 2.8545785 0.89493835
-0.19081186 2.8524036 0.88784915
0.14917281 2.8401008 0.9097328
0.45786548 2.8198042 0.91000867
0.78068656 2.8167732 0.9232551
1.0920112 2.8261642 0.92199683
1.401356 2.8346941 0.9166615
1.7056953 2.8396661 0.90456504
2.0113661 2.8392527 0.8937856
2.3215334 2.8367312 0.88851464
2.633572 2.8341892 0.885653
2.9405496 2.8315697 0.8773968
-2.8023245 2.8144505 1.9144167
-2.495476 2.8139632 1.9048113
-2.193309 2.8164668 1.8902133
-1.8829172 2.8178234 1.8844621
-1.561589 2.8150654 1.8906354
-1.2521487 2.8233879 1.8846065
-0.9396341 2.8362107 1.8824295
-0.5971853 2.833131 1.9139
-0.2476873 2.8079731 1.9583917
0.042378522 2.8106933 1.9367024
0.3198201 2.8104782 1.9007003
0.63027066 2.8120906 1.9004025
0.9582021 2.8090749 1.9129654
1.275686 2.804173 1.9135449
1.5801644 2.8026474 1.9048659
1.8985727 2.8029253 1.9104229
2.2207923 2.8070781 1.9185303
2.541163 2.8117726 1.9233227
2.8568313 2.8155363 1.9226447
-3.113734 2.8162534 1.9190949
-2.9597757 2.8536625 2.8869357
-2.633419 2.8522594 2.8976216
-2.3161602 2.850329 2.8988976
-2.009045 2.8489997 2.8898485
-1.7035542 2.8500264 2.879024
-1.3931818 2.8529894 2.8732114
-1.0816174 2.8546095 2.8689892
-0.7753462 2.8520308 2.8598998
-0.45050228 2.8531191 2.8711808
-0.107299976 2.8551276 2.9030087
0.23210086 2.849764 2.9320664
0.5364368 2.8383887 2.9240286
0.8299576 2.8414 2.9046845
1.1290789 2.8520644 2.8896117
1.4316357 2.8568106 2.8794534
1.7365016 2.8552222 2.870731
2.041977 2.8523405 2.8611012
2.3538043 2.852672 2.8591192
2.669319 2.853852 2.8614922
2.9945025 2.8544068 2.8729317
2.7294288 3.1208797 -0.72719586
2.8145785 3.1271644 -0.9534467
-1.7802807 3.138991 0.4253785
-2.6566007 3.1306396 -0.76478434
-2.2475505 3.1234765 -0.67459536
-1.857149 3.1217566 -0.60321987
-1.2520778 3.1264927 -0.31561187
-0.350757 3.1232321 0.27133253
0.29213586 3.1157587 0.60470444
0.5726166 3.1177871 0.57386297
0.6289709 3.12561 0.31680316
0.47238782 3.1310496 -0.15423153
0.29334968 3.1326795 -0.64781874
0.53325003 3.1340814 -0.7218027
1.228837 3.1349235 -0.34002614
1.7793803 3.1327903 -0.10405357
2.0852242 3.1295185 -0.11377648
2.4246755 3.1280048 -0.08984119
3.0297008 3.1267736 0.20051615
2.9581778 3.1246328 -0.18525693
