-1.6650704 0.61604744 1.4383445
1.5130602 1.4559673 -0.6066858
2.9871237 1.3465251 -1.8605865
1.4414879 0.9063411 2.2194898
-3.0676322 2.7086916 -0.13296933
3.0385787 0.45164415 1.7281322
-0.5168275 0.94054675 1.8739469
-0.31291607 0.83510494 -1.6122724
0.7466108 1.3531681 -0.39428893
-0.6199957 2.094614 -1.0146543
-2.9597013 0.8394478 1.7238723
-1.5312436 0.9653222 -1.0561628
-1.2394366 2.8249524 2.8395238
-2.5759783 2.7401686 1.7101976
-2.1854217 1.5228823 -1.8139035
-2.3821373 0.78506374 -0.43221745
-1.0219142 3.0384083 2.0272396
-1.1019819 2.3714037 3.100671
-1.9771357 1.8306452 -2.0728729
2.511039 1.6673464 -2.466199
0.11485156 2.3421018 3.010901
-1.6752185 1.6222011 2.6741073
-2.3321717 1.9855157 0.92713696
-1.7298602 1.549465 -0.5407176
-0.1245832 2.1420596 2.430816
0.12128686 2.6294844 0.49439946
-2.0685573 1.4442716 -2.9296463
1.4064149 2.2826993 2.0217278
-2.9535167 2.0787754 2.2964249
-1.2010669 2.4414337 1.673875
3.0054405 1.6967063 3.1056337
-2.1074514 0.53150666 -2.821605
-2.1910877 0.94238675 -1.2759285
-1.6577494 1.1677322 0.99511105
-0.04705063 1.9689095 0.88256276
2.3858535 2.5491934 -2.7396843
2.055203 2.20161 -0.9299526
-2.6631832 2.7383957 -0.893994
-2.8416314 1.3036563 -2.1380222
-0.6702915 0.59401566 -2.1522639
0.86478955 1.3553624 -2.1982257
2.4966624 0.6136435 -1.3916271
-0.22259393 1.2912086 1.4734482
-1.1898714 1.437327 0.8165835
-2.7740822 1.6080238 -2.4866455
-0.20429717 0.42672032 1.2188362
-2.8689997 1.7858694 0.033753913
-1.3291504 0.19584946 2.538277
-2.1599245 2.2533045 1.352422
2.6441803 0.17129005 2.8037603
-1.611441 1.7689952 -0.07835855
-1.5248271 1.7829577 2.031853
1.7472117 1.1695282 -2.3298028
1.7673646 1.8156694 -0.83209324
-1.9641159 0.8684486 -0.12075929
1.7393848 0.8578364 1.6003023
0.22307718 0.328552 3.0891619
0.38114887 2.1982007 0.8400452
-2.9490259 1.9420298 1.8738431
-2.4900148 1.902004 1.8012301
1.3735737 2.199609 0.8921315
1.0162964 1.0640427 2.6926188
2.5535934 0.6170929 -1.8969512
2.021178 1.2577888 0.36544916
1.882544 1.6202873 1.814141
-2.9362144 1.376549 -1.0223528
-0.45903325 1.6167605 0.7155132
3.0267768 1.9761744 0.13650563
0.798622 2.9450438 3.0642343
1.5281112 1.266405 0.67622197
3.044887 1.6172683 -2.7451832
1.1578935 1.1687672 -0.30082494
2.007567 2.780532 -2.3361435
-0.47926906 1.315462 0.2947631
-1.0511284 2.4169934 2.6815782
-1.2295548 2.131474 1.3558656
2.9613938 0.598075 2.327494
0.30052292 1.9038768 -2.834976
-2.5621674 1.1299626 1.7616637
-2.909706 2.8775983 0.5244239
-0.6506305 1.9329637 1.1651373
2.6885104 1.1143849 3.0462751
0.4283525 2.0094998 1.8151454
0.46678656 1.2176052 2.8470168
3.05301 2.4565897 0.10956809
-1.1504138 0.27916119 1.7810949
1.312353 1.8493782 -0.8806239
-0.7650282 1.7344173 2.2972546
-2.2833555 1.9902996 -2.5085495
0.7105117 2.2544074 -0.19894354
-0.8862055 0.75219184 1.048999
1.5897872 1.0604671 3.1289823
1.368456 1.8481901 1.1395749
2.2044232 1.8947376 -0.43395123
-1.3463677 2.2597535 -2.5477953
1.9114021 1.5762855 -1.3399314
-1.5398715 1.6511964 -1.2990432
-0.9462532 1.1440014 1.3060839
-2.3182259 1.2285907 -0.07810101
-2.8426263 2.8152294 1.9451377
-0.14190751 0.8625755 2.4886415
1.0775473 1.6802578 -3.036416
2.6657355 1.9222732 2.2276168
-2.027924 1.5813353 -0.17199816
-0.3364917 0.90252304 0.48552868
-2.8456504 1.7669542 -1.9656439
0.116046384 0.9877105 0.5546446
-0.6652333 1.6321936 -2.8332884
1.163489 1.0951415 -2.6742635
-2.7623522 2.0531025 1.0703844
2.7135222 1.737536 -0.15556867
2.6943457 1.0361384 -2.1441257
-0.9995117 1.8680433 -3.1343532
-1.809977 0.8469794 0.7487794
-2.0262341 2.035904 -0.13574937
-1.9714477 1.9442259 -0.569959
1.4124516 1.4436624 -2.9342139
-2.550194 1.6364981 -0.21326055
1.0557016 2.4998283 -2.8443344
-2.3903918 2.3499742 2.510184
2.6031868 1.4688629 -2.040017
2.1621964 2.4319515 2.3572924
0.067008406 1.0824324 1.6421237
-1.9769436 1.8220527 3.0053585
2.4277928 0.51909196 0.32029647
0.38949248 1.9021724 1.368788
-2.1023808 1.6932756 2.1086168
2.308488 1.1613246 2.3174043
1.1421778 1.2952218 -0.7878106
0.9798196 2.516733 -0.72609067
-1.3545367 2.0516768 2.6781769
1.0341705 1.6612015 1.326516
-3.023342 2.8176157 -0.82670003
1.6442316 2.3771982 -0.020381257
2.139325 0.9603238 -1.8204108
-2.2314186 1.9944713 -1.0821841
-1.5021284 1.5809859 -2.0845058
0.24486819 1.8397857 0.50463164
1.5338285 1.4722208 -1.080175
1.3961669 1.2705778 2.866361
0.18059619 0.6995928 -1.5518961
-0.54829013 0.45889756 2.5204246
-1.470703 0.5383466 -0.5060925
-1.3141472 2.4785461 -1.8059717
-3.0498521 1.6061195 0.4060106
0.16405858 1.6136476 -0.85225666
-1.725197 1.2670463 0.4857634
-0.90050143 2.7762787 1.6195354
0.46789002 2.7327418 -1.4952585
2.2694864 1.7543268 0.3903904
-0.34357598 1.2218553 -2.8796558
-2.3215594 2.6044626 0.13794789
0.5849513 1.7612934 0.3075641
-0.013560371 2.4982464 -0.14366883
2.85489 1.823212 -2.1594117
0.47491258 1.0606036 1.1716007
0.39968485 2.482615 -2.2396646
1.6799622 2.6975458 2.2931778
-2.4912689 2.0985138 2.7955678
0.90889573 1.9755213 2.610594
0.6438256 0.73280287 -1.5366632
-2.1030939 2.3039334 -2.0652034
0.83131486 2.1697214 1.7481674
-2.8094459 2.5978796 2.479463
0.22968161 2.8786986 0.95927346
-2.9313908 2.0152907 1.4311073
-1.5286872 1.7860525 1.2996389
-1.8806462 0.8765136 0.28080532
2.6065354 0.66461176 3.0071142
-0.59246916 2.0056212 0.47382742
2.2569306 1.555947 1.6179361
-0.5072183 2.6169496 1.1093276
-1.3926497 2.6558478 -0.2259363
-1.4713837 1.197985 -1.880422
-0.9808906 1.6701937 -0.23484993
2.1836653 0.15599155 0.9362231
-0.22032066 1.7685184 0.38394746
-2.8846824 1.8408775 2.9053874
2.2618856 1.987054 2.461717
3.0759742 1.4550656 -2.2974246
0.7221456 1.1361578 2.3973923
-2.5019908 1.64996 -2.8446321
0.41982913 2.1009316 -0.032164894
2.7317953 1.7433655 0.3605014
2.527396 2.2488236 -0.3563008
0.04969516 3.0673068 1.8214653
-2.9932332 1.1617973 0.4787073
-2.4997444 1.25931 -1.3927205
-0.95094347 1.7909435 -2.0183804
-1.9758247 1.7256776 1.1949456
0.8184962 2.493796 0.35085478
-0.7052944 0.5302163 2.216375
-0.6119534 1.5829293 -0.4596246
1.960644 2.3242874 -1.5100545
-2.8683596 1.8882755 -2.8623207
-1.2226005 1.0756406 -2.9935536
-1.4833503 2.699659 0.13129671
3.1102557 1.6139685 1.5847672
-0.5024441 2.5805168 -2.4865732
-1.6887835 1.3684821 -2.6954687
2.1469553 1.5234606 -2.1793492
0.0862166 0.43321848 2.3154297
-2.4289503 0.96435237 2.5206182
-1.2409735 0.39792308 -2.4676194
2.381372 0.9458485 0.028455412
0.55253595 1.3201027 0.80078095
0.088684306 1.1539103 1.0319656
-2.7639139 2.9851003 -1.3985435
0.8718506 2.5118363 1.3601823
1.8128225 0.5923369 -2.563673
0.7251283 1.8358767 -2.8744736
0.8657581 2.5661738 2.7765265
-1.5786161 2.4407551 0.87678957
1.8068359 0.57077676 -1.0913504
3.0044136 1.6330726 -1.1948471
1.0475851 0.4997042 1.8730267
-1.1081402 2.0639343 2.217243
2.2775211 1.6302129 -0.03579486
2.4073517 1.5370424 2.0473173
-2.0553002 2.649297 1.7297546
1.9679326 2.9569304 2.989244
-2.8118184 0.9843825 -1.8182511
2.9918916 1.3998474 0.122276776
-3.022007 1.1065545 -0.29662883
-2.3584394 0.88314074 1.2558491
2.5448477 0.7948148 2.3375406
2.6466353 2.6508698 2.0065477
-2.4651372 1.0136515 0.46460584
-0.39862627 1.1801356 0.94418937
2.5574422 2.3309224 -0.8367289
-2.6239924 0.8442736 -2.3702013
-2.6265054 0.8172836 -0.6798276
-3.0015297 1.2918472 1.81649
2.0350506 1.2293783 2.7928236
0.38029012 0.44723177 -0.47757086
-1.9199138 2.240838 -3.1146684
-3.0638676 0.53321195 -0.15696783
2.3274264 1.4594737 -1.3320758
-0.96013373 0.8769829 2.640062
-2.6517246 2.0649502 -2.3582551
2.6788116 2.319776 2.469086
-1.9742095 1.327782 2.4234846
-2.9053063 1.2645733 2.740889
2.5655832 0.57248837 0.7278634
-0.12061133 1.9551274 3.0364463
-0.54884404 1.2386556 -0.14128108
-2.2774508 0.15066977 0.4871809
2.2242105 1.383433 -1.7394562
-2.764999 1.6824561 -1.3227302
2.9549353 1.4201833 2.753726
2.218375 0.5054296 0.015298456
-2.9840689 0.45882815 -2.2761853
0.35094672 1.1766909 -0.0063166684
-0.30228 1.3158991 2.4674644
-1.7905874 1.7301376 -2.4409568
0.7835739 1.0166172 0.4342623
-0.67529 1.6860415 0.12525134
-2.9486856 2.468997 -2.4698455
-2.240579 0.5384122 2.612387
0.61799055 1.4995993 1.2377176
1.8320444 2.610076 -2.0703866
0.87600046 0.8456258 -2.168338
1.1484625 0.9490363 1.9811116
-2.9125896 2.6197708 3.0069327
2.3309002 1.1138602 -2.3307176
0.14467786 0.6427879 1.7469648
-0.7242127 1.6053984 1.8405042
-0.59170634 1.6673328 -1.2574977
1.3666395 2.8980699 -0.10281902
-3.0281386 1.3834039 2.3168461
-2.312283 0.98109984 -1.8240944
-1.9499483 1.1147726 -0.52332973
1.367419 2.3651953 -2.178919
1.1922088 2.050248 -2.7021887
-0.75474286 1.4917921 2.6686237
1.3801183 1.369021 1.1719006
2.879598 1.7021832 1.1811731
1.0863111 1.6760643 -0.54486513
1.0077635 1.1076828 -3.0308733
2.208051 0.28606978 1.5520852
2.3621073 1.543963 2.6021616
2.3031504 0.42975706 -2.637444
-0.09322932 2.187094 -0.53217834
-2.9382286 0.4123204 2.5036235
-2.031931 2.0837672 1.8327941
-2.5159035 1.1963662 -0.4402015
-1.8438432 2.590091 2.6904154
-0.70867574 2.5901744 0.051878743
-2.442052 1.3557 2.7265003
1.3061951 0.9361245 1.0344748
2.7413573 2.1079762 -1.8345156
0.41711614 1.3647413 1.6526818
-1.2931185 0.70439136 0.6385471
2.4525588 2.1630683 0.9728542
1.9668319 1.9870962 -0.030382842
-0.55630326 2.0278475 -0.0687462
-1.3842694 2.803881 0.73027986
-1.1317925 2.1466782 -1.4376112
0.9198099 0.33520314 1.1192331
1.9487967 2.599854 -0.7025058
-2.9283936 1.6268185 1.1617556
-1.524038 2.2341368 -0.14136572
2.8945432 0.72804403 -0.7847582
2.1892467 0.96648175 -2.769262
1.4086803 1.6572266 -2.4977639
-0.6381418 2.1362278 -2.613907
0.42111987 1.5764785 2.5820858
-0.5853105 0.5110513 -1.1452513
2.5794792 1.7362411 0.7975102
-0.115980275 1.3445346 -1.063226
-1.6632144 2.0587502 -1.6216619
-0.9554921 1.9490435 0.6745016
-2.5253391 1.917295 2.2885635
-1.7307763 2.6181078 1.5736315
-2.136899 1.47009 -1.3103396
-2.2250743 0.55856997 0.7689257
-1.3273672 2.3516777 -2.9592965
1.5230796 0.77420276 -2.7045543
-0.773969 2.1871293 -2.2396946
-0.79343045 1.5287011 1.0032566
-2.7433357 2.2105749 -1.9706136
-2.3686852 1.3633506 2.2383301
-0.4738694 2.3084986 -1.2805752
1.8336399 2.4088178 0.65991086
1.8211808 2.586759 1.0817065
0.5806948 2.1914127 3.099009
-0.57527596 1.222295 -1.3551706
-0.7117303 1.9827484 1.5906546
0.7986257 1.8105748 0.8479615
-2.9212632 1.8299358 -0.8847608
3.0891476 1.1693878 -0.63927317
-1.9684709 2.12986 0.34406707
1.319256 2.1439676 2.3723783
-0.16763434 1.9918733 -2.7584074
2.5756216 1.894874 -0.6555949
-0.5012221 0.78360367 3.0907428
2.4446132 0.6736689 -0.8055646
-0.78962165 1.9582648 -1.5645515
1.0112187 1.474695 2.8514252
2.161401 1.3898714 -2.6131582
2.472539 2.175336 0.5176127
0.42925748 2.244442 -1.3532692
-1.2704704 1.7328541 -1.7146466
-0.16045198 0.7869863 -2.1663063
-0.51786673 2.1371398 2.5439165
1.9408597 2.207476 -2.8648348
-1.9062221 0.6104885 -0.5309255
-0.3227521 0.67755723 0.89830863
1.572978 0.4811268 0.06491783
-1.2002937 2.787528 -0.8039856
-0.42488828 0.45788717 -0.20299888
-2.90045 1.0055364 -1.3187386
-1.6167428 1.1405697 2.670019
-1.7422965 1.8879855 2.3342173
0.22378795 2.539563 2.6054556
-0.032474194 1.9788678 1.3908658
-0.33314595 0.34521505 0.57366955
1.8267484 1.2718818 -1.9228071
-0.07254016 1.2027456 -0.08116658
1.3284441 1.2090813 -2.3420694
2.6074662 2.5331125 0.10399224
-1.729564 1.2466531 -0.11801791
1.0453387 0.42476884 -2.177966
0.398124 0.3146172 -1.9407035
2.0257943 1.8899028 -2.459989
-2.224613 2.5481572 -1.7736231
1.2452104 1.6829432 0.73947567
-1.2817776 1.1504724 0.51488876
-1.9471918 1.8890812 -1.3843092
1.3017093 1.7383837 2.5076637
2.5737772 1.3181251 1.0610856
2.5370402 2.5469122 -3.0878422
-0.15665571 0.9258894 -0.4342891
-1.8109058 2.1882749 1.1168056
2.1965473 1.9458721 1.9883776
1.8433453 0.6622857 -0.62058765
-0.1718195 2.3303776 -1.9102546
0.8559344 1.5315319 2.4710557
-0.2903633 2.4136765 0.7024171
1.4204543 1.5524648 0.34547988
1.6937908 0.26721975 -1.6879209
-1.8456757 2.8684855 -2.19938
2.16651 0.8692494 3.0404422
0.99767536 2.2458181 -1.1580595
1.7773385 1.1551428 -2.8102934
-1.7712438 0.21574305 -2.7900083
-2.7665792 0.5650366 -1.5091978
-0.33225206 1.3805562 1.9265169
-1.47271 1.9427794 3.0872624
-1.9985609 0.4731887 2.8670313
1.7858406 1.0401019 2.4790585
-2.0717447 2.4348373 -2.449434
1.7807446 1.5774266 0.024728097
-2.3423235 1.1989001 -2.2013593
0.2572008 1.9285167 -2.3508391
2.9895496 2.0753436 -0.33617264
-2.2016077 1.2839208 1.3297759
0.0008140233 1.5854576 -2.0429065
1.8925729 2.120623 1.0952882
0.8529084 1.014213 -1.3578484
2.9653068 2.1772916 0.5361551
0.99511516 0.79184127 -1.020941
2.92972 0.888112 -1.3135091
1.5489953 2.3792548 -2.7695339
2.471875 1.49654 -0.47179592
-0.29742223 1.5936666 -1.6177293
1.187907 1.8385974 1.8573463
-0.352076 2.5332007 -2.8201747
-0.105235726 1.305046 0.4272861
-2.18449 1.5302653 -2.4895198
0.32202476 0.94828343 1.922581
0.67398787 1.7696854 2.914891
2.4723668 2.0745044 0.044698548
-2.3474472 1.8484164 1.4027445
3.1094553 1.2162141 1.3423424
-3.0254185 2.4078643 -1.4320424
-2.7478263 0.3742627 -0.009242826
1.5555888 0.45167357 1.8319122
2.8722534 1.2118629 -0.9672818
2.968833 2.1139963 1.0016437
-1.7753617 0.31137246 -1.2374604
0.044135947 1.3264198 2.0691586
-0.3714629 1.7823154 2.1202006
-0.6081643 2.767757 -1.3551507
0.12189156 1.5415787 -2.5839713
-1.8973024 0.21627003 1.9208485
2.1703713 1.7452128 -0.9192363
0.860132 1.9977757 -0.8685819
-0.44245645 2.3670704 1.9254234
-1.1024609 1.4895191 2.0608492
-1.4120724 1.4910983 1.6897129
-2.1171427 1.9187676 -2.8838212
-3.080797 0.96912813 -2.3503108
-0.9472118 2.8624845 2.6371808
2.687503 0.9621896 1.3402168
-0.23156016 0.75705063 0.00973972
0.42646262 0.7925619 2.3584862
2.5554767 1.6204895 3.0332043
-1.5254452 1.3641431 2.2670379
-2.2032688 0.062388968 0.9122521
0.68977755 1.814537 -2.4058104
1.7731521 2.0496144 2.0082111
2.4224951 2.3469799 1.369351
-0.9823843 2.0136151 -0.5337672
1.9241248 0.80809367 -2.1872878
1.4603622 0.71529883 0.5376146
2.8626275 2.9513319 0.483034
2.610275 0.27625105 -0.72095126
2.9347925 2.5497298 0.8326188
-2.851451 2.114901 0.566906
0.88911855 1.8572736 2.1370802
-2.8376102 2.269686 0.08055872
3.1053247 1.8062696 2.5195186
-0.9138709 1.4075447 3.0895364
1.8044968 2.768984 -1.619266
1.4275805 0.9533656 -0.99348134
-1.6774129 2.3249502 -1.2225595
-2.2485795 2.312502 -1.4068705
2.2643318 0.6896172 2.1257086
1.06297 2.803805 0.16396485
1.8610495 1.741628 1.3431264
0.44575676 2.169051 2.5706084
-0.81362057 1.1822736 1.7319454
-2.5254698 1.9123755 0.41416773
-2.4473293 1.5353234 1.0804517
0.43616545 2.8694625 -1.9446065
-0.6977328 1.029427 2.8145761
-1.2482975 0.95872146 0.9844893
-0.985287 0.6483258 -3.0962272
-1.6432859 1.4844589 3.1400924
1.2927231 0.835533 -2.0348394
0.43130174 2.3694055 -1.781385
0.016170671 1.4950721 0.7865725
2.8770893 0.8820363 1.6880072
0.59396106 2.7599542 -2.9476285
-2.688594 1.0541314 2.2520983
-1.9608266 1.1732361 -1.7051963
-1.4883672 0.6582388 -3.0559628
-1.5168414 2.5336022 -1.5207059
2.5530097 1.1386893 2.683189
-1.4988229 2.6170468 -2.3957348
1.6892289 2.092289 -2.327697
-2.549152 2.338071 1.5244193
-0.52501166 0.8055146 -2.7332408
-0.9476166 2.3561916 0.40496966
2.1126971 1.1413369 1.5740743
-0.63133454 1.287308 -2.4521463
2.1015291 1.8462938 0.8734925
-1.1235408 1.853358 1.0606351
1.3876882 1.3137896 2.3966882
2.8541021 0.4946832 1.3842692
-3.0453067 2.2855933 2.6235378
3.0547276 1.6957583 2.0580623
-0.70462817 1.2754073 2.2614
2.5800729 1.3919039 -2.8693197
-1.657235 1.951353 -0.9022029
-1.5198499 1.0795847 3.0866368
-1.1496013 1.2635213 2.6353445
0.31351173 1.5994704 -3.1344333
-2.3150291 0.4003938 -1.1269927
-0.19064373 1.830044 -1.2248921
-0.16008922 0.3778144 -0.9021589
0.4394332 1.8897693 2.2398438
-2.8081262 0.7851797 1.1216009
-1.9547657 1.609958 -0.9542175
-1.855976 2.1279538 2.7235274
0.77925724 2.1770625 -2.1252406
-0.684419 0.6837965 -0.62020355
0.73022807 2.2658248 -2.6594274
-2.1312776 0.19711457 -0.11110634
0.4165581 1.9093183 -0.52313775
-2.0790665 1.1725324 -0.897243
0.8358773 1.8041381 -0.21484566
-0.3280458 1.7261597 2.61174
2.765388 1.2938131 -1.3919479
-0.32193437 2.2547188 1.5140036
-3.0824757 0.47859642 -3.1382198
2.4704952 2.1128695 -2.4445302
2.459071 2.7911885 1.3242404
2.6543417 1.8557491 -2.8281865
2.046041 2.8685644 0.11776832
-2.4230812 1.7079661 2.9960449
-1.0980003 1.9269261 -2.725118
0.30030307 2.367275 2.0765388
-2.459361 1.9258178 -0.53157276
-1.0617661 1.6862537 -1.2789772
1.9548391 0.738819 1.9822843
0.010722515 0.7183456 1.3906912
-0.036898233 2.7003841 -3.0869958
1.5009434 2.402306 -1.539591
0.1356496 1.1525496 -2.158166
2.6566458 0.8624743 -2.814366
1.2393019 0.5535966 -1.5953852
0.25732157 0.29857546 -2.2840507
-0.002842604 1.4718758 2.8329778
1.5448848 2.5681467 1.2405138
1.3400908 2.259591 2.8829198
-0.62105215 0.13716935 -1.9936122
0.42276698 1.0965941 -1.9006258
1.7224315 1.2821877 1.4076802
0.6643611 1.0675672 -2.4728875
2.1408205 1.4501048 1.1693604
-1.1398946 1.8498433 0.14669743
1.8906037 1.2391225 2.0715446
-2.7429066 1.6928309 0.742313
2.1058655 2.4393709 0.013864983
-0.83369195 0.9593466 -0.86388505
1.1344429 1.9551281 -2.2957888
-0.4351943 2.5878468 2.3886483
-2.5382695 1.2397052 -0.9120376
-1.5656767 2.056016 -2.0196095
2.3957396 2.8329232 2.2342954
3.0647585 1.7670527 0.75886863
0.6599471 1.8464084 -1.4123809
-0.52311426 2.4371612 -0.22920133
-1.8061314 1.6887215 0.33289713
0.7757199 2.0169878 1.2830905
0.2346033 0.49907315 -2.741853
0.37440214 1.7243326 0.9262672
-2.1832879 2.1670449 2.2014313
-2.0327215 0.9428372 -3.1179862
0.04330463 1.6864926 2.3381035
2.958044 1.0741768 2.1892555
-1.3819337 0.06882828 -2.6684883
-1.3041546 0.56156445 -1.3195627
2.5663447 2.5212462 -1.2204586
1.69133 2.666152 -3.0534618
1.2158711 1.2612069 -1.2995658
0.7807173 0.6924813 0.77595377
-0.88008314 2.6415572 -2.3893616
0.44723365 0.4396755 0.23969463
-1.2722288 2.372229 -0.60769874
-2.7498267 2.0901294 -1.5255407
0.99478626 1.3452529 0.9632113
2.2769916 2.1512387 -3.0602245
-0.29460204 1.6305538 -0.12135192
-0.26478344 0.9809977 -1.2052927
1.9471794 1.3432925 -0.92217016
-0.62167424 2.1104991 -3.0436208
2.6863554 1.7926185 1.7617401
1.7314134 1.9599301 -1.3662295
-1.2291174 1.6834158 2.4561663
-0.5252617 1.7273304 3.0230641
-1.8728286 0.9521858 2.123877
0.5463038 1.445058 -2.65657
-0.9516998 0.44017863 -2.3156955
3.1269805 1.5922917 -0.28669825
1.6452631 1.9819887 -1.9012221
0.70873225 0.69526803 -2.8230298
2.8498259 2.2506964 -2.5469775
0.325417 0.772601 0.7555762
-0.35720882 1.203628 -1.8712825
2.963957 2.4578178 1.3029608
2.2587905 1.9754057 -1.2873871
-0.8199477 1.1844745 -2.8469174
0.38608867 1.942384 -1.8970731
-0.30463508 1.6834536 -2.5111072
-2.5083675 1.2240454 -2.6173968
1.0962708 2.509951 -1.5004841
-1.8091658 2.3123918 -0.75294304
-0.47276735 1.9891617 -1.7677239
2.3713768 1.0971861 1.8474814
1.4735435 0.92891717 -1.631651
1.9122152 0.14637059 -1.0341313
-1.2901027 2.022171 -1.092855
1.7818019 1.5775075 -2.690362
0.9202029 2.5798 -2.222146
-2.977003 2.639407 -1.9951873
2.263514 2.041639 1.578096
3.1020684 2.4022727 1.8633058
-3.027027 0.8560766 0.14764468
-0.77513015 0.8091345 -0.10727678
-0.7691115 1.15753 0.74770594
0.10315627 1.5951359 0.11500431
-1.336062 0.90467215 -0.31186825
-0.2885967 1.7551743 -0.789963
-1.4637185 0.7174581 2.719204
2.247605 1.4120419 0.71668744
2.3563406 0.9985906 -1.0972171
-1.6161896 0.7205495 -1.7450628
1.5534179 2.5126798 1.687975
1.6300706 0.3390828 2.5138357
2.7432501 1.2740837 -0.21985596
-1.8177128 1.373847 1.939705
0.72977066 1.1903152 -0.8779963
-0.7778382 0.95712465 0.33204865
-1.519199 1.0053833 1.5513988
-0.9403078 0.76702476 1.5636641
-2.5190127 2.3772378 -0.4461814
-0.033876732 0.45161754 2.8817637
2.1169639 1.2513863 -0.13179022
0.80686647 0.715972 2.5058036
-1.0809569 0.8138157 -1.0683849
0.45828035 1.515204 -1.7083634
1.1137236 2.095331 -0.32753655
-0.755251 2.1270113 2.0095356
2.7592347 1.3241668 0.5735285
1.2272714 2.285914 0.33561167
-2.827002 1.2945775 0.00039722465
0.83007747 1.1707046 -1.779241
0.75642586 1.6541189 1.7013433
0.39744616 1.362044 0.42949364
0.078570254 1.8927233 -1.6729223
2.648346 1.675991 -1.6215905
-2.461601 1.662278 -0.9514312
2.6649845 2.605161 -2.100155
-0.15254928 0.87167615 -2.634243
-0.98515546 1.3325881 0.13464095
-0.4735183 2.0350769 -0.48036063
2.820801 0.96336186 0.17714247
2.3450775 0.97303164 0.5815776
2.624535 2.0611193 -1.4064643
-0.6331008 2.4804008 -1.784681
2.5296443 1.074337 -1.6451465
1.2667581 0.062408637 1.433411
-1.7431061 1.5918418 -1.6930043
-2.5943499 2.1359231 -0.97101355
-0.9766262 1.1622617 -0.28470612
1.8116765 0.3277491 2.7784135
-1.0569639 2.9942255 -2.8263848
-1.8524559 1.7526157 1.6392463
2.778501 2.224151 1.9863223
-0.6139875 2.8882275 -0.6368137
-1.9712453 1.8711377 0.724221
-0.28394842 2.8167295 0.90572137
-2.5018594 2.1175084 -0.06575467
-2.8485105 1.4687968 3.1315715
0.36542022 1.8764486 -1.1147643
-1.2510386 1.5141344 -2.846648
-0.99173665 1.3703728 -0.6768277
-2.4576159 1.2327714 -3.0953662
-1.9211544 0.7438798 -1.0861852
2.0482652 1.7730943 -1.7278639
-2.4298837 1.7837254 -1.5425394
-1.3469498 1.4600723 -0.350522
2.6682813 2.4823444 -1.5954348
3.0970728 2.1652703 2.9872618
-0.31273627 1.7499833 1.6159744
-1.3490691 0.90245354 0.15143849
2.1332004 2.1975963 -1.8317522
-1.0626082 1.283599 -1.110451
1.7658008 1.9133066 2.4766743
-0.741004 1.7586303 -2.3910925
1.9938575 2.2813296 2.6578693
0.4441561 1.6409144 -0.12926517
1.75213 2.0070994 2.9356656
1.569718 1.9612259 0.6134756
-1.5951548 2.1334965 1.6349142
-0.49250504 1.1022815 -0.62533665
1.6472479 1.1085117 0.21323203
0.3273694 0.2810486 1.2484798
2.0222983 0.8088295 -0.14797534
-1.9959291 1.3831813 0.88296795
-2.4321132 2.5467398 -1.1700702
1.8830184 0.84365827 0.57002854
2.319792 0.2301172 -0.9601649
-3.002367 0.50637966 -1.755901
0.7816173 0.79370964 1.2235978
-2.4528043 1.6740756 -2.1553457
2.2077148 1.3384641 -3.1244977
-2.463809 2.7988107 -2.3742247
2.4951103 1.349906 0.23285994
-1.2496194 1.3049395 -1.4957901
2.2588286 0.13514261 -1.8307134
-2.4244704 0.56521213 0.4570206
0.5669068 2.2451022 -0.7587258
0.80864817 0.69898593 1.6701999
-0.015638543 1.2494117 -1.6368121
1.0625881 1.8442904 0.20706795
-2.58714 0.808745 -2.8804705
1.3534348 0.9320468 1.44301
-1.9010066 2.696969 0.96120834
-2.696984 2.3567336 1.8843955
0.1192609 2.6553898 -1.3843436
2.9069834 2.0406427 -0.88070804
-1.2895445 1.6698844 -0.7865546
0.3095869 1.0524206 -2.6551938
-0.8001317 1.4701316 -1.6458695
0.97020346 2.2507575 0.9928658
2.41649 1.3395498 -0.8540948
0.22301666 1.2148902 2.4148173
-2.1268952 0.9298404 2.7579849
-1.0367908 0.9599862 -2.2425861
0.7480508 1.1293662 1.9180725
0.9958129 0.4824526 -0.634977
2.1401613 1.7831687 2.8844244
-1.4469792 1.0958151 -0.6369773
1.5620288 1.9347785 -2.8948112
-1.0158485 1.6057005 1.4657652
-1.2492875 0.88847595 -1.6770018
0.59117854 0.88931596 3.1167445
-2.2577248 1.7386546 0.16116248
-0.018180609 1.0314777 2.8808734
-1.3106191 1.1097522 1.8573476
-0.8498373 0.98390263 -1.5745492
1.8380028 1.1367416 0.9425744
-1.9658321 0.8492094 1.3476664
0.9613902 1.6080036 -1.094572
1.7188572 1.200672 -1.4437194
2.4404778 0.62135524 -2.273252
-1.8674896 2.7816937 -1.0245242
-0.4244468 1.2866094 2.9765022
-0.1560814 1.5947365 -2.9781525
0.90583926 1.494392 0.5103622
-1.7742759 2.1778743 -2.5198083
2.0264735 1.585421 2.294227
-2.2367792 1.4835523 1.732815
2.1800797 2.3134837 -2.2633927
-1.5461103 2.2763307 2.0907936
0.14741994 1.5165635 1.3151653
1.8023465 1.5604165 3.1043258
0.8119243 1.7262549 -1.9340265
-2.0767658 1.3084702 0.27289203
1.1167475 1.0615052 0.62925756
-2.7145195 2.371485 -2.7380762
2.1995237 2.3775928 1.8623567
-1.2670351 1.5717032 2.9075553
-1.5602214 1.3771926 -0.9597478
2.23297 0.99927133 1.0718982
2.0177472 1.0071697 -1.2732676
0.78013915 2.9541478 0.3395917
3.0228217 0.89453524 -1.8350434
-3.0751357 2.3030767 -0.97399956
1.5471363 1.5804634 -1.6674554
0.6797324 1.3443128 -3.0842655
-1.7075342 0.93710464 -2.534603
-2.8025126 0.85329175 -0.9814329
-2.0233667 1.3641601 2.9014673
0.6757563 0.92000234 0.08920318
1.35792 0.8418618 0.0047150743
2.8204665 0.9367669 0.74533087
-2.9817417 0.46832144 -2.7425122
-0.8745656 1.5539122 0.50084263
-1.3254615 0.4408531 0.2955724
1.1104076 0.54690266 2.6536171
-2.7620308 0.9376287 3.0667143
-2.237221 2.2929423 0.5497312
2.7959766 1.3001395 1.8834827
3.0420732 1.3418403 0.9069605
2.9349763 1.5963684 -0.6871015
3.0844996 0.9490398 2.5282948
-3.1132143 1.9109471 -2.3898757
1.4909823 1.979403 0.109823935
1.7245488 1.5936611 0.92174035
0.23828065 0.73375845 0.050639153
1.2754575 2.0996025 1.517325
0.92240727 2.0709841 -1.6112262
2.936817 0.7749503 -0.33425647
1.8516682 0.6601086 1.0936512
-0.2631995 1.647532 1.1186606
-1.6050274 1.6232451 0.8673519
0.7506284 2.692567 0.7360041
1.7335889 2.118028 1.5121888
2.7451255 1.4711618 2.3498077
-3.0601082 0.8967781 0.90861285
-2.934497 1.2566679 -2.7430537
-1.1366962 0.8519813 -2.5937798
1.1954051 0.7007923 -0.34864157
3.068117 2.2412605 -1.9911779
0.206546 2.5456667 -0.4312072
3.1276162 1.9936626 -1.3557018
-0.27037808 1.9191242 -2.1242557
1.6589187 2.4928234 2.758834
-0.5668021 1.3951435 -0.92606497
1.4874845 1.674928 1.594171
2.6115227 1.6962318 -1.0752294
-2.9206107 1.9587708 -0.4607751
-1.0490713 1.4442967 -2.4579306
-1.8116158 0.49009058 -2.3371196
1.2838578 1.6008029 -0.13344042
-1.4205108 1.2516234 -2.406268
-1.7527313 2.4239118 2.3491988
2.7854135 1.2822764 -2.5459757
3.1066687 3.0119724 -0.57747746
1.9700464 2.0969098 0.43964526
1.3813759 1.7665046 2.9484904
-2.6080444 0.7056889 1.9231889
-1.0318505 1.3582727 -1.9924735
-0.83085877 0.51043093 0.6188513
0.80057216 1.3944305 0.05914748
-1.7015904 0.8741117 -2.0999818
1.6331091 1.0200369 -0.69930035
-2.260173 0.71652704 -2.256661
0.14455695 1.5629219 -1.3782442
-2.2512717 0.6330249 -1.5775574
1.1630286 2.904575 -1.6896832
0.5272898 1.4956706 2.0816503
1.8877025 0.75786966 2.7905238
1.1565288 1.3500301 1.6455321
-3.087744 0.56242007 0.6570108
-2.1189153 1.0413166 1.836143
-2.752562 1.2652701 0.84766924
0.22135116 2.5904486 -0.865793
1.3497719 0.78089726 2.8404799
-1.8333349 0.36386704 1.2051113
0.43331435 2.2475893 0.43126667
1.4570189 0.4512995 1.0252712
-1.9044327 1.3191184 -2.1810284
-0.9074761 2.377065 1.2743343
-2.457361 0.44873095 1.408674
0.046370886 2.125974 -0.8653362
-0.05155714 2.208191 -1.3751218
0.8490464 1.1631932 1.4280187
-1.3757238 0.46665612 -0.12987128
0.7080089 2.7625973 2.1692607
-0.38498273 0.9268751 1.3193204
-0.15635103 2.6795924 1.8606485
1.2927113 1.7761776 -1.3576845
-1.1074095 2.2001028 -1.9816239
1.4135554 2.2038207 -0.5590282
0.29006428 1.3695718 -0.46859568
0.20804301 2.292326 -2.7317517
-0.42350656 2.3180737 2.9919732
1.242224 1.5928079 -2.0511613
-2.7216516 1.1813792 1.3105427
-3.0768847 0.37379658 -0.7601795
2.1608815 1.7721807 -2.8930557
-0.35254666 0.9320029 2.2110755
0.8481907 2.3205674 2.268697
0.57507634 1.4221413 -1.234241
0.8548577 0.9203078 -0.4764858
0.27570155 1.1531326 -0.89451116
-0.63182735 2.5566876 -0.9740933
-1.5678631 0.8041816 2.2915847
-1.104862 1.0474573 2.2324247
3.0457022 1.2157314 -3.064398
-2.6369743 1.417245 -1.7663987
1.1298783 0.6448913 -2.7899086
1.4521447 2.6226106 -0.7614699
-0.95973223 2.1858099 -0.031800956
-2.6325083 2.9733047 2.8906136
0.32733712 2.3671978 1.2150058
2.289828 2.6646054 -0.7990681
-0.1940944 1.268078 -2.386477
1.5977262 1.8238393 -0.3581611
0.17440559 0.77112955 3.056149
2.8713703 2.0499501 1.4964483
-2.817068 2.498671 0.9166261
1.8507588 1.6407797 0.47433287
-2.596375 1.4316841 0.32435971
3.1197627 1.7569712 -1.7310147
0.94160545 0.4445866 0.22564432
-1.8403077 2.465662 0.14986514
1.6227952 1.232359 -0.23381351
-2.2575295 2.0315368 -1.8265016
2.3504326 1.8757706 -1.9983011
0.12775557 1.2187103 -2.9758189
-3.048602 1.3663194 -1.5189189
-0.8722701 1.9546562 2.7162745
1.1967676 1.2525091 0.16033173
-2.2887607 1.5413233 0.62703776
0.3760494 0.9314667 -0.46697605
-2.693377 1.546817 2.0281608
0.4201431 1.5108929 -2.1763377
3.025633 2.1226697 -2.8755505
-0.837408 1.7826731 -0.8567564
1.2617422 2.0001354 -1.7873756
-0.16527423 2.2190785 0.38759658
2.8408542 2.573508 3.0152156
-0.9479868 0.630655 1.9834312
-0.93679696 2.3582745 -0.85517544
2.5363271 1.0499767 -0.5174737
1.8851867 2.2059512 -0.51772213
0.81957996 0.3133909 -1.5132754
-2.1751947 1.7429736 2.5712926
2.563896 2.119472 2.9661348
1.0874678 1.4304123 2.0921063
-0.74716234 2.997407 -1.9194456
-1.4761106 0.5832616 1.7506937
2.7308397 1.8565948 2.6959827
-0.5322653 1.5467957 -2.0424535
-3.0433598 2.92885 -2.4620523
0.4169913 0.69026566 -0.9074048
1.9632605 1.5324379 -0.46505916
-1.7944256 1.3285232 1.4408424
2.6648533 1.4022363 1.477368
0.17042865 2.4124846 1.5189394
-2.5700533 2.141905 -3.0428698
-2.721001 1.6511343 2.5341406
0.18846965 1.9042497 2.8023772
-1.8869772 2.6772742 3.1210427
2.3652322 0.7009834 1.3251549
-1.1706221 1.8826337 1.7754282
-3.0652885 0.81923753 2.8553503
1.7152956 1.6353923 -2.1653702
-2.1165576 2.3803582 -0.53282595
0.9137111 2.598989 1.9225135
1.4947827 2.1767232 -1.1057469
2.0445912 1.0638381 -0.5525668
-0.43935826 2.1735702 0.96344
0.3149461 0.71385986 -2.1198814
1.3165473 1.2334486 -1.8417107
1.5726141 2.975702 1.8300316
-1.3992835 1.9439478 -0.4093472
-2.3271208 0.64749324 2.1767323
3.040375 0.86803037 -2.698075
0.02717084 1.7667487 -0.37004235
-1.3282021 1.376123 1.240989
-1.1004623 2.3490467 0.75299364
1.5426271 1.6703366 2.1286168
-1.4843155 2.0915303 0.29830593
-0.030558879 2.050589 0.017083643
1.0329877 2.1336308 3.0669587
-0.662048 1.0338246 -2.0770686
-1.4136733 1.3878472 0.10086544
-2.2265098 1.533235 -0.57091904
2.1064153 0.4366854 2.950884
2.2550535 2.5812268 0.66281927
-0.06763545 2.2112014 -2.3119998
1.1564339 2.5181327 -0.100755
2.4381258 1.8014809 1.2662251
-3.0615187 2.4309995 -0.4975137
-0.15636115 1.3725727 -0.5487699
-0.5937123 1.4401987 1.3710752
1.7150711 0.6476721 -1.4763503
0.63423544 1.6239562 -0.75389135
-0.031185929 0.8200235 -0.9348814
1.5337182 1.2705655 1.8757929
0.90640545 2.052615 0.50843215
0.9799799 1.5165024 -1.574885
1.7419472 1.5047585 2.6405003
-1.3648549 1.6648283 0.47266856
-2.451966 2.469884 0.783796
-2.675336 1.5609281 1.5421294
-0.94823587 2.5058913 2.3031814
-2.2918472 2.4719212 -3.0630827
-2.2868586 1.0721604 0.79816324
-0.05333315 2.041636 1.9951527
-0.65970814 0.48968935 -1.5975473
-2.5646007 0.83347285 0.12671664
-2.8159504 1.498754 -0.5813649
0.9967521 1.5214933 -2.6129806
-1.6207746 1.8411565 -2.8198876
-2.024882 1.041226 -2.7029383
0.11674437 1.6755838 1.7921396
-1.7249522 1.2057549 -1.3636948
-0.30547225 0.07729999 -0.05504788
-1.4937732 2.0418975 0.75958174
0.31899613 1.1140862 -1.3843001
-1.3131336 1.8183521 -2.3768697
