0.3490659 0.0038075782 3.1415925
0.6981316 0.0038075964 -3.1415925
1.0471977 0.0038075838 3.1415925
1.3962634 0.0038075896 -3.1415925
1.7453294 0.0038075906 3.1415925
2.0943952 0.0038075848 -3.1415927
2.443461 0.003807593 3.1415927
2.7925267 0.0038075843 3.1415927
3.1415927 0.0038075924 -3.1415927
-2.7925267 0.0038075852 3.1415927
-2.443461 0.003807591 -3.1415927
-2.0943952 0.0038075873 3.1415925
-1.7453294 0.0038075878 -3.1415925
-1.3962632 0.0038075924 3.1415925
-1.0471977 0.0038075813 -3.1415925
-0.6981316 0.0038075987 3.1415925
-0.34906587 0.0038075768 -3.1415927
-1.5552102e-08 0.0038076001 -3.1415927
-2.8090901 0.38366476 -2.6723733
-2.4600244 0.38366476 -2.6723733
-2.1109583 0.38366476 -2.6723733
-1.7618926 0.38366476 -2.6723733
-1.4128268 0.38366473 -2.6723733
-1.0637609 0.38366476 -2.6723735
-0.71469504 0.38366473 -2.6723733
-0.3656291 0.3836648 -2.6723735
-0.01656336 0.38366473 -2.6723733
0.33250257 0.38366476 -2.6723735
0.6815684 0.38366476 -2.6723733
1.0306343 0.38366476 -2.6723733
1.3797001 0.38366476 -2.6723733
1.728766 0.38366476 -2.6723733
2.0778317 0.38366476 -2.6723733
2.4268975 0.38366476 -2.6723733
2.7759635 0.38366476 -2.6723733
3.1250293 0.38366476 -2.6723733
-2.8418252 0.40221006 -1.7803322
-2.4927595 0.40221006 -1.7803322
-2.1436934 0.40221006 -1.7803322
-1.7946277 0.40221006 -1.7803322
-1.4455619 0.4022101 -1.7803322
-1.096496 0.40221006 -1.7803322
-0.74743015 0.4022101 -1.7803322
-0.39836425 0.40221006 -1.7803322
-0.04929842 0.40221006 -1.7803322
0.29976743 0.40221006 -1.7803322
0.6488333 0.40221006 -1.7803322
0.9978991 0.40221006 -1.7803322
1.346965 0.40221006 -1.7803322
1.6960309 0.40221006 -1.7803322
2.0450966 0.40221006 -1.7803322
2.3941627 0.40221006 -1.7803322
2.7432284 0.40221006 -1.7803322
3.0922942 0.40221006 -1.7803322
-2.765904 0.38745004 -0.91642606
-2.4168382 0.38745004 -0.91642606
-2.0677722 0.38745004 -0.91642606
-1.7187064 0.38745004 -0.91642606
-1.3696406 0.38745004 -0.91642606
-1.0205747 0.38745004 -0.91642606
-0.67150885 0.38745004 -0.91642606
-0.32244298 0.38745004 -0.91642606
0.026622873 0.38745004 -0.91642606
0.37568873 0.38745004 -0.91642606
0.7247546 0.38745004 -0.91642606
1.0738205 0.38745004 -0.91642606
1.4228863 0.38745004 -0.91642606
1.7719522 0.38745004 -0.91642606
2.121018 0.38745004 -0.91642606
2.4700837 0.38745004 -0.91642606
2.8191497 0.38745004 -0.91642606
-3.1149697 0.38745004 -0.91642606
-2.7925267 0.3805186 1.91456e-09
-2.443461 0.38051856 -3.1084706e-09
-2.0943952 0.3805186 3.3267504e-09
-1.7453293 0.3805186 -3.2761123e-09
-1.3962634 0.38051856 2.3838094e-09
-1.0471976 0.3805186 -1.6403796e-09
-0.6981317 0.38051856 5.3260596e-10
-0.34906584 0.3805186 -2.2256355e-11
1.1642165e-09 0.38051856 -5.889366e-10
0.34906584 0.3805186 7.7370754e-10
0.6981317 0.38051856 -1.5205304e-09
1.0471976 0.3805186 2.0379953e-09
1.3962634 0.3805186 -2.8616998e-09
1.7453293 0.38051856 3.0286265e-09
2.0943952 0.3805186 -3.0614493e-09
2.443461 0.38051856 2.081424e-09
2.7925267 0.3805186 -9.662549e-10
-3.1415927 0.38051856 -7.1566264e-10
-2.8191497 0.38745004 0.91642606
-2.4700837 0.38745004 0.91642606
-2.121018 0.38745004 0.91642606
-1.7719522 0.38745004 0.91642606
-1.4228863 0.38745004 0.91642606
-1.0738205 0.38745004 0.91642606
-0.7247546 0.38745004 0.91642606
-0.37568873 0.38745004 0.91642606
-0.026622871 0.38745004 0.91642606
0.32244298 0.38745004 0.91642606
0.67150885 0.38745004 0.91642606
1.0205747 0.38745004 0.91642606
1.3696406 0.38745004 0.91642606
1.7187064 0.38745004 0.91642606
2.0677722 0.38745004 0.91642606
2.4168382 0.38745004 0.91642606
2.765904 0.38745004 0.91642606
3.1149697 0.38745004 0.91642606
-2.7432284 0.40221006 1.7803322
-2.3941627 0.40221006 1.7803322
-2.0450966 0.40221006 1.7803322
-1.6960309 0.40221006 1.7803322
-1.346965 0.40221006 1.7803322
-0.9978991 0.40221006 1.7803322
-0.6488333 0.40221006 1.7803322
-0.29976746 0.40221006 1.7803322
0.049298424 0.40221006 1.7803322
0.39836425 0.40221006 1.7803322
0.74743015 0.4022101 1.7803322
1.096496 0.40221006 1.7803322
1.4455619 0.40221006 1.7803322
1.7946277 0.40221006 1.7803322
2.1436934 0.40221006 1.7803322
2.4927595 0.40221006 1.7803322
2.8418252 0.40221006 1.7803322
-3.0922942 0.40221006 1.7803322
-2.7759635 0.38366476 2.6723733
-2.4268975 0.38366476 2.6723733
-2.0778317 0.38366476 2.6723733
-1.728766 0.38366476 2.6723733
-1.3797001 0.38366476 2.6723733
-1.0306343 0.38366476 2.6723735
-0.6815683 0.38366473 2.6723733
-0.33250257 0.3836648 2.6723735
0.016563363 0.38366473 2.6723733
0.3656291 0.3836648 2.6723735
0.71469504 0.38366473 2.6723733
1.0637609 0.38366476 2.6723735
1.4128268 0.38366476 2.6723733
1.7618926 0.38366476 2.6723733
2.1109583 0.38366476 2.6723733
2.4600244 0.38366476 2.6723733
2.8090901 0.38366476 2.6723733
-3.1250293 0.38366476 2.6723733
-2.6773174 0.7351081 -2.616702
-2.3282514 0.7351081 -2.616702
-1.9791856 0.7351081 -2.616702
-1.6301197 0.7351081 -2.616702
-1.2810539 0.7351081 -2.616702
-0.931988 0.7351081 -2.616702
-0.58292216 0.7351081 -2.616702
-0.23385632 0.7351081 -2.616702
0.11520953 0.7351081 -2.616702
0.4642754 0.7351081 -2.616702
0.8133412 0.7351081 -2.616702
1.162407 0.7351081 -2.616702
1.511473 0.7351081 -2.616702
1.8605388 0.7351081 -2.616702
2.2096047 0.7351081 -2.616702
2.5586705 0.7351081 -2.616702
2.9077363 0.7351081 -2.616702
-3.0263832 0.7351081 -2.616702
-2.8376653 0.7257872 -2.1050603
-2.4885995 0.7257872 -2.1050603
-2.1395338 0.7257872 -2.1050603
-1.7904679 0.7257872 -2.1050603
-1.441402 0.7257872 -2.1050603
-1.092336 0.7257872 -2.1050603
-0.7432703 0.7257872 -2.1050603
-0.3942044 0.7257872 -2.1050603
-0.045138553 0.7257872 -2.1050603
0.3039273 0.7257872 -2.1050603
0.65299314 0.7257872 -2.1050603
1.002059 0.7257872 -2.1050603
1.3511249 0.7257872 -2.1050603
1.7001907 0.7257872 -2.1050603
2.0492566 0.7257872 -2.1050603
2.3983223 0.7257872 -2.1050603
2.7473884 0.7257872 -2.1050603
3.0964541 0.7257872 -2.1050603
-2.8873603 0.73868847 -1.5635003
-2.5382943 0.73868847 -1.5635003
-2.1892285 0.73868847 -1.5635003
-1.8401628 0.73868847 -1.5635003
-1.4910969 0.73868847 -1.5635003
-1.142031 0.73868847 -1.5635003
-0.7929652 0.73868847 -1.5635003
-0.4438993 0.73868847 -1.5635003
-0.09483345 0.73868847 -1.5635003
0.2542324 0.73868847 -1.5635003
0.60329825 0.73868847 -1.5635003
0.9523641 0.73868847 -1.5635003
1.30143 0.73868847 -1.5635003
1.6504958 0.73868847 -1.5635003
1.9995617 0.73868847 -1.5635003
2.3486276 0.73868847 -1.5635003
2.6976933 0.73868847 -1.5635003
3.0467591 0.73868847 -1.5635003
-2.739302 0.7382324 -1.0589048
-2.3902361 0.7382324 -1.0589048
-2.0411701 0.7382324 -1.0589048
-1.6921043 0.7382324 -1.0589048
-1.3430384 0.7382324 -1.0589048
-0.9939726 0.7382324 -1.0589048
-0.64490676 0.7382324 -1.0589048
-0.29584092 0.7382324 -1.0589048
0.053224932 0.7382324 -1.0589048
0.4022908 0.7382324 -1.0589048
0.75135666 0.7382324 -1.0589048
1.1004225 0.7382324 -1.0589048
1.4494883 0.7382324 -1.0589048
1.7985542 0.7382324 -1.0589048
2.14762 0.7382324 -1.0589048
2.496686 0.7382324 -1.0589048
2.8457518 0.7382324 -1.0589048
-3.0883677 0.7382324 -1.0589048
-2.9132788 0.7051339 -0.5255075
-2.564213 0.7051339 -0.52550757
-2.215147 0.7051339 -0.5255075
-1.8660812 0.7051339 -0.52550757
-1.5170155 0.7051339 -0.5255075
-1.1679496 0.7051339 -0.52550757
-0.8188837 0.7051339 -0.52550757
-0.46981788 0.7051339 -0.52550757
-0.12075203 0.7051339 -0.52550757
0.22831382 0.7051339 -0.52550757
0.5773797 0.7051339 -0.52550757
0.92644554 0.7051339 -0.5255075
1.2755114 0.7051339 -0.52550757
1.6245773 0.7051339 -0.52550757
1.9736431 0.7051339 -0.52550757
2.3227088 0.7051339 -0.52550757
2.6717749 0.7051339 -0.52550757
3.0208406 0.7051339 -0.52550757
-2.7925267 0.73156387 -2.4212088e-10
-2.443461 0.7315638 7.408096e-11
-2.0943952 0.7315638 -3.085874e-10
-1.7453293 0.7315638 7.238982e-11
-1.3962634 0.7315638 -2.7331754e-10
-1.0471976 0.73156387 1.6368221e-11
-0.6981317 0.7315638 -1.666957e-10
-0.34906584 0.73156387 -1.0761523e-10
-2.4625124e-09 0.7315638 -8.413532e-11
0.34906584 0.73156387 -1.623851e-10
0.6981317 0.7315638 8.694987e-12
1.0471976 0.7315638 -2.8841246e-10
1.3962634 0.7315638 8.68745e-11
1.7453293 0.7315638 -2.874907e-10
2.0943952 0.73156387 5.2256175e-11
2.443461 0.7315638 -2.30316e-10
2.7925267 0.73156387 -5.5435812e-11
3.1415927 0.7315638 -6.910208e-11
-2.6717749 0.7051339 0.52550757
-2.3227088 0.7051339 0.5255075
-1.9736431 0.7051339 0.52550757
-1.6245773 0.7051339 0.5255075
-1.2755114 0.7051339 0.52550757
-0.92644554 0.7051339 0.5255075
-0.5773797 0.7051339 0.52550757
-0.22831382 0.7051339 0.52550757
0.12075203 0.7051339 0.52550757
0.46981788 0.7051339 0.52550757
0.8188837 0.7051339 0.5255075
1.1679496 0.7051339 0.52550757
1.5170155 0.7051339 0.5255075
1.8660812 0.7051339 0.52550757
2.215147 0.7051339 0.5255075
2.564213 0.7051339 0.52550757
2.9132788 0.7051339 0.5255075
-3.0208406 0.7051339 0.52550757
-2.8457518 0.7382324 1.0589048
-2.496686 0.7382324 1.0589048
-2.14762 0.7382324 1.0589048
-1.7985542 0.7382324 1.0589048
-1.4494883 0.7382324 1.0589048
-1.1004225 0.7382324 1.0589048
-0.75135666 0.7382324 1.0589048
-0.4022908 0.7382324 1.0589048
-0.053224932 0.7382324 1.0589048
0.29584092 0.7382324 1.0589048
0.64490676 0.7382324 1.0589048
0.9939726 0.7382324 1.0589048
1.3430384 0.7382324 1.0589048
1.6921043 0.7382324 1.0589048
2.0411701 0.7382324 1.0589048
2.3902361 0.7382324 1.0589048
2.739302 0.7382324 1.0589048
3.0883677 0.7382324 1.0589048
-2.6976933 0.73868847 1.5635003
-2.3486276 0.73868847 1.5635003
-1.9995617 0.73868847 1.5635003
-1.6504958 0.73868847 1.5635003
-1.30143 0.73868847 1.5635003
-0.9523641 0.73868847 1.5635003
-0.60329825 0.73868847 1.5635003
-0.2542324 0.73868847 1.5635003
0.09483345 0.73868847 1.5635003
0.4438993 0.73868847 1.5635003
0.7929652 0.73868847 1.5635003
1.142031 0.73868847 1.5635003
1.4910969 0.73868847 1.5635003
1.8401628 0.73868847 1.5635003
2.1892285 0.73868847 1.5635003
2.5382943 0.73868847 1.5635003
2.8873603 0.73868847 1.5635003
-3.0467591 0.73868847 1.5635003
-2.7473884 0.7257872 2.1050603
-2.3983223 0.7257872 2.1050603
-2.0492566 0.7257872 2.1050603
-1.7001907 0.7257872 2.1050603
-1.3511249 0.7257872 2.1050603
-1.002059 0.7257872 2.1050603
-0.65299314 0.7257872 2.1050603
-0.3039273 0.7257872 2.1050603
0.045138553 0.7257872 2.1050603
0.3942044 0.7257872 2.1050603
0.7432703 0.7257872 2.1050603
1.092336 0.7257872 2.1050603
1.441402 0.7257872 2.1050603
1.7904679 0.7257872 2.1050603
2.1395338 0.7257872 2.1050603
2.4885995 0.7257872 2.1050603
2.8376653 0.7257872 2.1050603
-3.0964541 0.7257872 2.1050603
-2.9077363 0.7351081 2.616702
-2.5586705 0.7351081 2.616702
-2.2096047 0.7351081 2.616702
-1.8605387 0.7351081 2.616702
-1.511473 0.7351081 2.616702
-1.162407 0.7351081 2.616702
-0.81334126 0.7351081 2.616702
-0.4642754 0.7351081 2.616702
-0.11520953 0.7351081 2.616702
0.23385632 0.7351081 2.616702
0.58292216 0.7351081 2.616702
0.931988 0.7351081 2.616702
1.2810539 0.7351081 2.616702
1.6301197 0.7351081 2.616702
1.9791856 0.7351081 2.616702
2.3282514 0.7351081 2.616702
2.6773174 0.7351081 2.616702
3.0263832 0.7351081 2.616702
-2.7925267 0.69735 3.1415927
-2.443461 0.6973501 -3.1415927
-2.0943952 0.6973501 3.1415927
-1.7453293 0.69735 -3.1415927
-1.3962634 0.6973501 3.1415927
-1.0471976 0.69735 -3.1415927
-0.6981317 0.69735014 3.1415927
-0.34906584 0.69734997 -3.1415927
3.02354e-10 0.69735014 -3.1415927
0.34906584 0.69734997 3.1415927
0.6981317 0.69735014 -3.1415927
1.0471976 0.69735 3.1415927
1.3962634 0.6973501 -3.1415927
1.7453293 0.6973501 3.1415927
2.0943952 0.69735 -3.1415927
2.443461 0.6973501 3.1415927
2.7925267 0.69735 3.1415927
-3.1415927 0.6973501 -3.1415927
-2.8007112 1.0630033 -2.7538261
-2.4516454 1.0630033 -2.7538261
-2.1025796 1.0630033 -2.7538261
-1.7535137 1.0630033 -2.7538261
-1.4044479 1.0630033 -2.7538261
-1.055382 1.0630033 -2.7538261
-0.7063162 1.0630033 -2.7538261
-0.3572503 1.0630033 -2.7538261
-0.008184463 1.0630033 -2.7538261
0.3408814 1.0630033 -2.7538261
0.68994725 1.0630033 -2.7538261
1.0390131 1.0630033 -2.7538261
1.3880789 1.0630033 -2.7538261
1.7371448 1.0630033 -2.7538261
2.0862107 1.0630033 -2.7538261
2.4352765 1.0630033 -2.7538261
2.7843423 1.0630033 -2.7538261
3.1334083 1.0630033 -2.7538261
-2.7780504 1.0651723 -2.3495452
-2.4289844 1.0651723 -2.3495452
-2.0799186 1.0651723 -2.3495452
-1.7308527 1.0651723 -2.3495452
-1.381787 1.0651723 -2.3495452
-1.032721 1.0651723 -2.3495452
-0.6836552 1.0651723 -2.3495452
-0.3345894 1.0651723 -2.3495452
0.014476471 1.0651723 -2.3495452
0.36354232 1.0651723 -2.3495452
0.71260816 1.0651723 -2.3495452
1.061674 1.0651723 -2.3495452
1.4107399 1.0651723 -2.3495452
1.7598057 1.0651723 -2.3495452
2.1088715 1.0651723 -2.3495452
2.4579375 1.0651723 -2.3495452
2.8070033 1.0651723 -2.3495452
-3.1271162 1.0651723 -2.3495452
-2.769025 1.0603971 -1.9550493
-2.4199593 1.0603971 -1.9550493
-2.0708935 1.0603971 -1.9550493
-1.7218276 1.0603971 -1.9550493
-1.3727618 1.0603971 -1.9550493
-1.023696 1.0603971 -1.9550493
-0.6746301 1.0603971 -1.9550493
-0.32556424 1.0603971 -1.9550493
0.023501616 1.0603971 -1.9550493
0.37256747 1.0603971 -1.9550493
0.7216333 1.0603971 -1.9550493
1.0706992 1.0603971 -1.9550493
1.419765 1.0603971 -1.9550493
1.7688309 1.0603971 -1.9550493
2.1178968 1.0603971 -1.9550493
2.4669626 1.0603971 -1.9550493
2.8160284 1.0603971 -1.9550493
-3.118091 1.0603971 -1.9550493
-2.7702508 1.081327 -1.5701642
-2.4211848 1.081327 -1.5701642
-2.072119 1.081327 -1.5701642
-1.7230531 1.081327 -1.5701642
-1.3739873 1.081327 -1.5701642
-1.0249214 1.081327 -1.5701642
-0.6758556 1.081327 -1.5701642
-0.32678974 1.081327 -1.5701642
0.022276122 1.081327 -1.5701642
0.37134197 1.081327 -1.5701642
0.72040784 1.081327 -1.5701642
1.0694736 1.081327 -1.5701642
1.4185395 1.081327 -1.5701642
1.7676054 1.081327 -1.5701642
2.1166713 1.081327 -1.5701642
2.465737 1.081327 -1.5701642
2.814803 1.081327 -1.5701642
-3.1193166 1.081327 -1.5701642
-2.8101108 1.0766286 -1.1806055
-2.4610448 1.0766286 -1.1806055
-2.111979 1.0766286 -1.1806055
-1.7629132 1.0766286 -1.1806055
-1.4138473 1.0766286 -1.1806055
-1.0647814 1.0766286 -1.1806055
-0.71571565 1.0766286 -1.1806055
-0.36664978 1.0766286 -1.1806055
-0.017583929 1.0766286 -1.1806055
0.33148193 1.0766286 -1.1806055
0.6805478 1.0766286 -1.1806055
1.0296136 1.0766286 -1.1806055
1.3786795 1.0766286 -1.1806055
1.7277453 1.0766286 -1.1806055
2.076811 1.0766286 -1.1806055
2.425877 1.0766286 -1.1806055
2.7749429 1.0766286 -1.1806055
3.1240087 1.0766286 -1.1806055
-2.7982318 1.0545233 -0.7836815
-2.449166 1.0545233 -0.7836815
-2.1001 1.0545233 -0.7836815
-1.7510343 1.0545233 -0.7836815
-1.4019685 1.0545233 -0.7836815
-1.0529026 1.0545233 -0.7836815
-0.70383674 1.0545233 -0.7836815
-0.35477087 1.0545233 -0.7836815
-0.0057050195 1.0545233 -0.7836815
0.34336084 1.0545233 -0.7836815
0.6924267 1.0545233 -0.7836815
1.0414926 1.0545233 -0.7836815
1.3905584 1.0545233 -0.7836815
1.7396243 1.0545233 -0.7836815
2.08869 1.0545233 -0.7836815
2.4377558 1.0545233 -0.7836815
2.7868218 1.0545233 -0.7836815
3.1358876 1.0545233 -0.7836815
-2.787075 1.046798 -0.39207265
-2.4380093 1.046798 -0.39207265
-2.0889432 1.046798 -0.39207265
-1.7398775 1.046798 -0.39207265
-1.3908116 1.046798 -0.39207265
-1.0417458 1.046798 -0.39207265
-0.6926799 1.046798 -0.39207265
-0.34361407 1.046798 -0.39207265
0.0054517896 1.046798 -0.39207265
0.35451764 1.046798 -0.39207265
0.7035835 1.046798 -0.39207265
1.0526494 1.046798 -0.39207265
1.4017152 1.046798 -0.39207265
1.750781 1.046798 -0.39207265
2.0998468 1.046798 -0.39207265
2.4489129 1.046798 -0.39207265
2.7979786 1.046798 -0.39207265
-3.1361408 1.046798 -0.39207265
-2.7925267 1.0708137 2.8013125e-10
-2.443461 1.0708137 1.0664793e-10
-2.0943952 1.0708137 3.567007e-10
-1.7453293 1.0708137 8.528761e-11
-1.3962634 1.0708137 2.992453e-10
-1.0471976 1.0708137 1.3588387e-10
-0.6981317 1.0708137 2.2972368e-10
-0.34906584 1.0708137 1.975555e-10
5.3997864e-09 1.0708137 1.8129362e-10
0.34906587 1.0708137 2.531112e-10
0.6981317 1.0708137 1.5035019e-10
1.0471976 1.0708137 2.860701e-10
1.3962634 1.0708137 1.016155e-10
1.7453293 1.0708137 3.158122e-10
2.0943952 1.0708137 7.284074e-11
2.443461 1.0708137 2.819842e-10
2.7925267 1.0708137 1.7261621e-10
-3.1415927 1.0708137 1.8215963e-10
-2.7979786 1.046798 0.39207265
-2.4489129 1.046798 0.39207265
-2.0998468 1.046798 0.39207265
-1.750781 1.046798 0.39207265
-1.4017152 1.046798 0.39207265
-1.0526494 1.046798 0.39207265
-0.7035835 1.046798 0.39207265
-0.35451764 1.046798 0.39207265
-0.005451788 1.046798 0.39207265
0.34361407 1.046798 0.39207265
0.69267994 1.046798 0.39207265
1.0417458 1.046798 0.39207265
1.3908116 1.046798 0.39207265
1.7398775 1.046798 0.39207265
2.0889432 1.046798 0.39207265
2.4380093 1.046798 0.39207265
2.787075 1.046798 0.39207265
3.1361408 1.046798 0.39207265
-2.7868218 1.0545233 0.7836815
-2.4377558 1.0545233 0.7836815
-2.08869 1.0545233 0.7836815
-1.7396243 1.0545233 0.7836815
-1.3905584 1.0545233 0.7836815
-1.0414926 1.0545233 0.7836815
-0.6924267 1.0545233 0.7836815
-0.34336084 1.0545233 0.7836815
0.0057050195 1.0545233 0.7836815
0.35477087 1.0545233 0.7836815
0.70383674 1.0545233 0.7836815
1.0529026 1.0545233 0.7836815
1.4019685 1.0545233 0.7836815
1.7510343 1.0545233 0.7836815
2.1001 1.0545233 0.7836815
2.449166 1.0545233 0.7836815
2.7982318 1.0545233 0.7836815
-3.1358876 1.0545233 0.7836815
-2.7749429 1.0766286 1.1806055
-2.425877 1.0766286 1.1806055
-2.076811 1.0766286 1.1806055
-1.7277453 1.0766286 1.1806055
-1.3786795 1.0766286 1.1806055
-1.0296136 1.0766286 1.1806055
-0.6805478 1.0766286 1.1806055
-0.33148193 1.0766286 1.1806055
0.017583929 1.0766286 1.1806055
0.36664978 1.0766286 1.1806055
0.71571565 1.0766286 1.1806055
1.0647814 1.0766286 1.1806055
1.4138473 1.0766286 1.1806055
1.7629132 1.0766286 1.1806055
2.111979 1.0766286 1.1806055
2.4610448 1.0766286 1.1806055
2.8101108 1.0766286 1.1806055
-3.1240087 1.0766286 1.1806055
-2.814803 1.081327 1.5701642
-2.465737 1.081327 1.5701642
-2.1166713 1.081327 1.5701642
-1.7676054 1.081327 1.5701642
-1.4185395 1.081327 1.5701642
-1.0694736 1.081327 1.5701642
-0.72040784 1.081327 1.5701642
-0.37134197 1.081327 1.5701642
-0.022276122 1.081327 1.5701642
0.32678974 1.081327 1.5701642
0.6758556 1.081327 1.5701642
1.0249214 1.081327 1.5701642
1.3739873 1.081327 1.5701642
1.7230531 1.081327 1.5701642
2.072119 1.081327 1.5701642
2.4211848 1.081327 1.5701642
2.7702508 1.081327 1.5701642
3.1193166 1.081327 1.5701642
-2.8160284 1.0603971 1.9550493
-2.4669626 1.0603971 1.9550493
-2.1178968 1.0603971 1.9550493
-1.7688309 1.0603971 1.9550493
-1.419765 1.0603971 1.9550493
-1.0706992 1.0603971 1.9550493
-0.7216333 1.0603971 1.9550493
-0.37256747 1.0603971 1.9550493
-0.023501616 1.0603971 1.9550493
0.32556424 1.0603971 1.9550493
0.6746301 1.0603971 1.9550493
1.023696 1.0603971 1.9550493
1.3727618 1.0603971 1.9550493
1.7218276 1.0603971 1.9550493
2.0708935 1.0603971 1.9550493
2.4199593 1.0603971 1.9550493
2.769025 1.0603971 1.9550493
3.118091 1.0603971 1.9550493
-2.8070033 1.0651723 2.3495452
-2.4579375 1.0651723 2.3495452
-2.1088715 1.0651723 2.3495452
-1.7598057 1.0651723 2.3495452
-1.4107399 1.0651723 2.3495452
-1.061674 1.0651723 2.3495452
-0.71260816 1.0651723 2.3495452
-0.36354232 1.0651723 2.3495452
-0.014476472 1.0651723 2.3495452
0.3345894 1.0651723 2.3495452
0.6836552 1.0651723 2.3495452
1.032721 1.0651723 2.3495452
1.381787 1.0651723 2.3495452
1.7308527 1.0651723 2.3495452
2.0799186 1.0651723 2.3495452
2.4289844 1.0651723 2.3495452
2.7780504 1.0651723 2.3495452
3.1271162 1.0651723 2.3495452
-2.7843423 1.0630033 2.7538261
-2.4352765 1.0630033 2.7538261
-2.0862107 1.0630033 2.7538261
-1.7371448 1.0630033 2.7538261
-1.3880789 1.0630033 2.7538261
-1.0390131 1.0630033 2.7538261
-0.68994725 1.0630033 2.7538261
-0.3408814 1.0630033 2.7538261
0.008184463 1.0630033 2.7538261
0.3572503 1.0630033 2.7538261
0.7063162 1.0630033 2.7538261
1.055382 1.0630033 2.7538261
1.4044479 1.0630033 2.7538261
1.7535137 1.0630033 2.7538261
2.1025796 1.0630033 2.7538261
2.4516454 1.0630033 2.7538261
2.8007112 1.0630033 2.7538261
-3.1334083 1.0630033 2.7538261
-2.7925267 1.0453854 3.1415927
-2.443461 1.0453854 -3.1415927
-2.0943952 1.0453854 3.1415927
-1.7453293 1.0453854 -3.1415927
-1.3962634 1.0453855 3.1415927
-1.0471976 1.0453852 -3.1415927
-0.6981317 1.0453855 3.1415927
-0.34906584 1.0453852 -3.1415927
5.2133822e-12 1.0453855 -3.1415927
0.34906584 1.0453852 3.1415927
0.6981317 1.0453855 -3.1415927
1.0471976 1.0453854 3.1415927
1.3962634 1.0453854 -3.1415927
1.7453293 1.0453854 3.1415927
2.0943952 1.0453854 -3.1415927
2.443461 1.0453854 -3.1415927
2.7925267 1.0453854 3.1415927
3.1415927 1.0453854 -3.1415927
-2.678164 1.4013429 -2.8003826
-2.3290982 1.4013429 -2.8003826
-1.9800323 1.4013429 -2.8003826
-1.6309664 1.4013429 -2.8003826
-1.2819006 1.4013429 -2.8003826
-0.93283474 1.4013429 -2.8003826
-0.5837689 1.4013429 -2.8003826
-0.23470305 1.4013429 -2.8003826
0.114362806 1.4013429 -2.8003826
0.46342865 1.4013429 -2.8003826
0.8124945 1.4013429 -2.8003826
1.1615603 1.4013429 -2.8003826
1.5106262 1.4013429 -2.8003826
1.8596921 1.4013429 -2.8003826
2.2087579 1.4013429 -2.8003826
2.5578237 1.4013429 -2.8003826
2.9068897 1.4013429 -2.8003826
-3.0272298 1.4013429 -2.8003826
-2.9150605 1.399181 -2.4551086
-2.5659947 1.399181 -2.4551086
-2.216929 1.399181 -2.4551086
-1.867863 1.399181 -2.4551086
-1.5187972 1.399181 -2.4551086
-1.1697313 1.399181 -2.4551086
-0.8206655 1.399181 -2.4551086
-0.4715996 1.399181 -2.4551086
-0.12253376 1.399181 -2.4551086
0.22653209 1.399181 -2.4551086
0.57559794 1.399181 -2.4551086
0.9246638 1.399181 -2.4551086
1.2737297 1.399181 -2.4551086
1.6227955 1.399181 -2.4551086
1.9718614 1.399181 -2.4551086
2.3209271 1.399181 -2.4551086
2.6699932 1.399181 -2.4551086
3.019059 1.399181 -2.4551086
-2.8836253 1.4004058 -2.1052523
-2.5345592 1.4004058 -2.1052523
-2.1854935 1.4004058 -2.1052523
-1.8364277 1.4004058 -2.1052523
-1.4873618 1.4004058 -2.1052523
-1.138296 1.4004058 -2.1052523
-0.7892301 1.4004058 -2.1052523
-0.44016424 1.4004058 -2.1052523
-0.0910984 1.4004058 -2.1052523
0.25796744 1.4004058 -2.1052523
0.6070333 1.4004058 -2.1052523
0.95609915 1.4004058 -2.1052523
1.305165 1.4004058 -2.1052523
1.6542308 1.4004058 -2.1052523
2.0032966 1.4004058 -2.1052523
2.3523626 1.4004058 -2.1052523
2.7014284 1.4004058 -2.1052523
3.0504942 1.4004058 -2.1052523
-2.8573854 1.4046496 -1.7526172
-2.5083194 1.4046496 -1.7526172
-2.1592536 1.4046496 -1.7526172
-1.8101878 1.4046496 -1.7526172
-1.4611219 1.4046496 -1.7526172
-1.112056 1.4046496 -1.7526172
-0.76299024 1.4046496 -1.7526172
-0.41392437 1.4046496 -1.7526172
-0.06485851 1.4046496 -1.7526172
0.28420734 1.4046496 -1.7526172
0.6332732 1.4046496 -1.7526172
0.982339 1.4046496 -1.7526172
1.3314049 1.4046496 -1.7526172
1.6804707 1.4046496 -1.7526172
2.0295365 1.4046496 -1.7526172
2.3786025 1.4046496 -1.7526172
2.7276683 1.4046496 -1.7526172
3.076734 1.4046496 -1.7526172
-2.7121577 1.4080526 -1.3905824
-2.3630917 1.4080526 -1.3905824
-2.014026 1.4080526 -1.3905824
-1.66496 1.4080526 -1.3905824
-1.3158942 1.4080526 -1.3905824
-0.96682835 1.4080526 -1.3905824
-0.6177625 1.4080526 -1.3905824
-0.26869667 1.4080526 -1.3905824
0.0803692 1.4080526 -1.3905824
0.42943504 1.4080526 -1.3905824
0.7785009 1.4080526 -1.3905824
1.1275667 1.4080526 -1.3905824
1.4766326 1.4080526 -1.3905824
1.8256985 1.4080526 -1.3905824
2.1747644 1.4080526 -1.3905824
2.5238302 1.4080526 -1.3905824
2.872896 1.4080526 -1.3905824
-3.0612235 1.4080526 -1.3905824
-2.705793 1.4029845 -1.0291044
-2.3567271 1.4029845 -1.0291044
-2.0076613 1.4029845 -1.0291044
-1.6585954 1.4029845 -1.0291044
-1.3095295 1.4029845 -1.0291044
-0.9604637 1.4029845 -1.0291044
-0.61139786 1.4029845 -1.0291044
-0.262332 1.4029845 -1.0291044
0.08673385 1.4029845 -1.0291044
0.4357997 1.4029845 -1.0291044
0.78486556 1.4029845 -1.0291044
1.1339314 1.4029845 -1.0291044
1.4829973 1.4029845 -1.0291044
1.8320631 1.4029845 -1.0291044
2.181129 1.4029845 -1.0291044
2.5301948 1.4029845 -1.0291044
2.8792605 1.4029845 -1.0291044
-3.054859 1.4029845 -1.0291044
-2.6653194 1.3954083 -0.6831687
-2.3162534 1.3954083 -0.6831687
-1.9671876 1.3954083 -0.6831687
-1.6181217 1.3954083 -0.6831687
-1.269056 1.3954083 -0.6831687
-0.91999006 1.3954083 -0.6831687
-0.5709242 1.3954083 -0.6831687
-0.22185838 1.3954083 -0.6831687
0.12720747 1.3954083 -0.6831687
0.47627333 1.3954083 -0.6831687
0.8253392 1.3954083 -0.6831687
1.174405 1.3954083 -0.6831687
1.5234709 1.3954083 -0.6831687
1.8725368 1.3954083 -0.6831687
2.2216027 1.3954083 -0.6831687
2.5706685 1.3954083 -0.6831687
2.9197342 1.3954083 -0.6831687
-3.0143852 1.3954083 -0.6831687
-2.5566823 1.3963368 -0.3455962
-2.2076166 1.3963368 -0.3455962
-1.8585508 1.3963368 -0.3455962
-1.5094849 1.3963368 -0.3455962
-1.160419 1.3963368 -0.3455962
-0.8113532 1.3963368 -0.3455962
-0.46228734 1.3963368 -0.3455962
-0.1132215 1.3963368 -0.3455962
0.23584436 1.3963368 -0.3455962
0.5849102 1.3963368 -0.3455962
0.93397605 1.3963368 -0.3455962
1.283042 1.3963368 -0.3455962
1.6321077 1.3963368 -0.3455962
1.9811736 1.3963368 -0.3455962
2.3302395 1.3963368 -0.3455962
2.6793053 1.3963368 -0.3455962
3.028371 1.3963368 -0.3455962
-2.9057484 1.3963368 -0.3455962
-2.7925267 1.404445 -5.2020496e-11
-2.443461 1.404445 -1.1269423e-10
-2.0943952 1.404445 -7.5731525e-11
-1.7453293 1.404445 -9.991844e-11
-1.3962634 1.404445 -3.1677074e-11
-1.0471976 1.404445 -4.038176e-11
-0.6981317 1.404445 -2.964614e-11
-0.34906587 1.404445 -5.3965814e-11
-7.6481985e-09 1.404445 -6.7276816e-11
0.34906584 1.404445 -5.789493e-11
0.6981317 1.404445 -8.922189e-11
1.0471976 1.404445 -6.65905e-11
1.3962634 1.404445 -6.224111e-11
1.7453293 1.404445 -1.4817301e-12
2.0943952 1.404445 -3.5947603e-11
2.443461 1.404445 -8.964061e-12
2.7925267 1.404445 -5.163968e-11
3.1415927 1.404445 -5.3528647e-11
-3.028371 1.3963368 0.3455962
-2.6793053 1.3963368 0.3455962
-2.3302395 1.3963368 0.3455962
-1.9811736 1.3963368 0.3455962
-1.6321077 1.3963368 0.3455962
-1.283042 1.3963368 0.3455962
-0.93397605 1.3963368 0.3455962
-0.5849102 1.3963368 0.3455962
-0.23584436 1.3963368 0.3455962
0.11322149 1.3963368 0.3455962
0.46228734 1.3963368 0.3455962
0.8113532 1.3963368 0.3455962
1.160419 1.3963368 0.3455962
1.5094849 1.3963368 0.3455962
1.8585508 1.3963368 0.3455962
2.2076166 1.3963368 0.3455962
2.5566823 1.3963368 0.3455962
2.9057484 1.3963368 0.3455962
-2.9197342 1.3954083 0.6831687
-2.5706685 1.3954083 0.6831687
-2.2216027 1.3954083 0.6831687
-1.8725368 1.3954083 0.6831687
-1.5234709 1.3954083 0.6831687
-1.174405 1.3954083 0.6831687
-0.8253392 1.3954083 0.6831687
-0.47627333 1.3954083 0.6831687
-0.12720747 1.3954083 0.6831687
0.22185838 1.3954083 0.6831687
0.5709242 1.3954083 0.6831687
0.91999006 1.3954083 0.6831687
1.269056 1.3954083 0.6831687
1.6181217 1.3954083 0.6831687
1.9671876 1.3954083 0.6831687
2.3162534 1.3954083 0.6831687
2.6653194 1.3954083 0.6831687
3.0143852 1.3954083 0.6831687
-2.8792605 1.4029845 1.0291044
-2.5301948 1.4029845 1.0291044
-2.181129 1.4029845 1.0291044
-1.8320631 1.4029845 1.0291044
-1.4829973 1.4029845 1.0291044
-1.1339314 1.4029845 1.0291044
-0.78486556 1.4029845 1.0291044
-0.4357997 1.4029845 1.0291044
-0.08673385 1.4029845 1.0291044
0.262332 1.4029845 1.0291044
0.61139786 1.4029845 1.0291044
0.9604637 1.4029845 1.0291044
1.3095295 1.4029845 1.0291044
1.6585954 1.4029845 1.0291044
2.0076613 1.4029845 1.0291044
2.3567271 1.4029845 1.0291044
2.705793 1.4029845 1.0291044
3.054859 1.4029845 1.0291044
-2.872896 1.4080526 1.3905824
-2.5238302 1.4080526 1.3905824
-2.1747644 1.4080526 1.3905824
-1.8256985 1.4080526 1.3905824
-1.4766326 1.4080526 1.3905824
-1.1275667 1.4080526 1.3905824
-0.7785009 1.4080526 1.3905824
-0.42943504 1.4080526 1.3905824
-0.0803692 1.4080526 1.3905824
0.26869667 1.4080526 1.3905824
0.6177625 1.4080526 1.3905824
0.96682835 1.4080526 1.3905824
1.3158942 1.4080526 1.3905824
1.66496 1.4080526 1.3905824
2.014026 1.4080526 1.3905824
2.3630917 1.4080526 1.3905824
2.7121577 1.4080526 1.3905824
3.0612235 1.4080526 1.3905824
-2.7276683 1.4046496 1.7526172
-2.3786025 1.4046496 1.7526172
-2.0295365 1.4046496 1.7526172
-1.6804707 1.4046496 1.7526172
-1.3314049 1.4046496 1.7526172
-0.982339 1.4046496 1.7526172
-0.6332732 1.4046496 1.7526172
-0.28420734 1.4046496 1.7526172
0.06485851 1.4046496 1.7526172
0.41392437 1.4046496 1.7526172
0.76299024 1.4046496 1.7526172
1.112056 1.4046496 1.7526172
1.4611219 1.4046496 1.7526172
1.8101878 1.4046496 1.7526172
2.1592536 1.4046496 1.7526172
2.5083194 1.4046496 1.7526172
2.8573854 1.4046496 1.7526172
-3.076734 1.4046496 1.7526172
-2.7014284 1.4004058 2.1052523
-2.3523626 1.4004058 2.1052523
-2.0032966 1.4004058 2.1052523
-1.6542308 1.4004058 2.1052523
-1.305165 1.4004058 2.1052523
-0.95609915 1.4004058 2.1052523
-0.6070333 1.4004058 2.1052523
-0.25796744 1.4004058 2.1052523
0.0910984 1.4004058 2.1052523
0.44016424 1.4004058 2.1052523
0.7892301 1.4004058 2.1052523
1.138296 1.4004058 2.1052523
1.4873618 1.4004058 2.1052523
1.8364277 1.4004058 2.1052523
2.1854935 1.4004058 2.1052523
2.5345592 1.4004058 2.1052523
2.8836253 1.4004058 2.1052523
-3.0504942 1.4004058 2.1052523
-2.6699932 1.399181 2.4551086
-2.3209271 1.399181 2.4551086
-1.9718614 1.399181 2.4551086
-1.6227955 1.399181 2.4551086
-1.2737297 1.399181 2.4551086
-0.9246638 1.399181 2.4551086
-0.57559794 1.399181 2.4551086
-0.22653209 1.399181 2.4551086
0.12253376 1.399181 2.4551086
0.4715996 1.399181 2.4551086
0.8206655 1.399181 2.4551086
1.1697313 1.399181 2.4551086
1.5187972 1.399181 2.4551086
1.867863 1.399181 2.4551086
2.216929 1.399181 2.4551086
2.5659947 1.399181 2.4551086
2.9150605 1.399181 2.4551086
-3.019059 1.399181 2.4551086
-2.9068897 1.4013429 2.8003826
-2.5578237 1.4013429 2.8003826
-2.2087579 1.4013429 2.8003826
-1.8596921 1.4013429 2.8003826
-1.5106262 1.4013429 2.8003826
-1.1615603 1.4013429 2.8003826
-0.8124945 1.4013429 2.8003826
-0.46342865 1.4013429 2.8003826
-0.114362806 1.4013429 2.8003826
0.23470305 1.4013429 2.8003826
0.5837689 1.4013429 2.8003826
0.93283474 1.4013429 2.8003826
1.2819006 1.4013429 2.8003826
1.6309664 1.4013429 2.8003826
1.9800323 1.4013429 2.8003826
2.3290982 1.4013429 2.8003826
2.678164 1.4013429 2.8003826
3.0272298 1.4013429 2.8003826
-2.7925267 1.395104 3.1415927
-2.443461 1.395104 -3.1415927
-2.0943952 1.395104 3.1415927
-1.7453293 1.395104 -3.1415927
-1.3962634 1.3951042 3.1415927
-1.0471976 1.3951039 -3.1415927
-0.6981317 1.3951042 3.1415927
-0.34906584 1.3951039 -3.1415927
1.0990964e-10 1.3951042 -3.1415927
0.34906584 1.3951039 3.1415927
0.6981317 1.3951042 -3.1415927
1.0471976 1.395104 3.1415927
1.3962634 1.395104 -3.1415927
1.7453293 1.395104 3.1415927
2.0943952 1.395104 -3.1415927
2.443461 1.395104 -3.1415927
2.7925267 1.395104 3.1415927
-3.1415927 1.395104 -3.1415927
-2.9068897 1.7402499 -2.8003826
-2.5578237 1.7402499 -2.8003826
-2.2087579 1.7402499 -2.8003826
-1.8596921 1.7402499 -2.8003826
-1.5106262 1.7402499 -2.8003826
-1.1615603 1.7402499 -2.8003826
-0.8124945 1.7402499 -2.8003826
-0.46342865 1.7402499 -2.8003826
-0.114362806 1.7402499 -2.8003826
0.23470305 1.7402499 -2.8003826
0.5837689 1.7402499 -2.8003826
0.93283474 1.7402498 -2.8003826
1.2819006 1.7402499 -2.8003826
1.6309664 1.7402499 -2.8003826
1.9800323 1.7402499 -2.8003826
2.3290982 1.7402499 -2.8003826
2.678164 1.7402499 -2.8003826
3.0272298 1.7402499 -2.8003826
-2.6699932 1.7424116 -2.4551086
-2.3209271 1.7424116 -2.4551086
-1.9718614 1.7424116 -2.4551086
-1.6227955 1.7424116 -2.4551086
-1.2737297 1.7424116 -2.4551086
-0.9246638 1.7424116 -2.4551086
-0.57559794 1.7424116 -2.4551086
-0.22653209 1.7424116 -2.4551086
0.12253376 1.7424116 -2.4551086
0.4715996 1.7424116 -2.4551086
0.8206655 1.7424116 -2.4551086
1.1697313 1.7424116 -2.4551086
1.5187972 1.7424116 -2.4551086
1.867863 1.7424116 -2.4551086
2.216929 1.7424116 -2.4551086
2.5659947 1.7424116 -2.4551086
2.9150605 1.7424116 -2.4551086
-3.019059 1.7424116 -2.4551086
-2.7014284 1.7411869 -2.1052523
-2.3523626 1.7411869 -2.1052523
-2.0032966 1.7411869 -2.1052523
-1.6542308 1.7411869 -2.1052523
-1.305165 1.7411869 -2.1052523
-0.95609915 1.7411869 -2.1052523
-0.6070333 1.7411869 -2.1052523
-0.25796744 1.7411869 -2.1052523
0.0910984 1.7411869 -2.1052523
0.44016424 1.7411869 -2.1052523
0.7892301 1.7411869 -2.1052523
1.138296 1.7411869 -2.1052523
1.4873618 1.7411869 -2.1052523
1.8364277 1.7411869 -2.1052523
2.1854935 1.7411869 -2.1052523
2.5345592 1.7411869 -2.1052523
2.8836253 1.7411869 -2.1052523
-3.0504942 1.7411869 -2.1052523
-2.7276683 1.736943 -1.7526172
-2.3786025 1.736943 -1.7526172
-2.0295365 1.736943 -1.7526172
-1.6804707 1.736943 -1.7526172
-1.3314049 1.736943 -1.7526172
-0.982339 1.736943 -1.7526172
-0.6332732 1.736943 -1.7526172
-0.28420734 1.736943 -1.7526172
0.06485851 1.736943 -1.7526172
0.41392437 1.736943 -1.7526172
0.76299024 1.736943 -1.7526172
1.112056 1.736943 -1.7526172
1.4611219 1.736943 -1.7526172
1.8101878 1.736943 -1.7526172
2.1592536 1.736943 -1.7526172
2.5083194 1.736943 -1.7526172
2.8573854 1.736943 -1.7526172
-3.076734 1.736943 -1.7526172
-2.872896 1.7335402 -1.3905824
-2.5238302 1.7335402 -1.3905824
-2.1747644 1.7335402 -1.3905824
-1.8256985 1.7335402 -1.3905824
-1.4766326 1.7335402 -1.3905824
-1.1275667 1.7335402 -1.3905824
-0.7785009 1.7335402 -1.3905824
-0.42943504 1.7335402 -1.3905824
-0.0803692 1.7335402 -1.3905824
0.26869667 1.7335402 -1.3905824
0.6177625 1.7335402 -1.3905824
0.96682835 1.7335402 -1.3905824
1.3158942 1.7335402 -1.3905824
1.66496 1.7335402 -1.3905824
2.014026 1.7335402 -1.3905824
2.3630917 1.7335402 -1.3905824
2.7121577 1.7335402 -1.3905824
3.0612235 1.7335402 -1.3905824
-2.8792605 1.7386082 -1.0291044
-2.5301948 1.7386082 -1.0291044
-2.181129 1.7386082 -1.0291044
-1.8320631 1.7386082 -1.0291044
-1.4829973 1.7386082 -1.0291044
-1.1339314 1.7386082 -1.0291044
-0.78486556 1.7386082 -1.0291044
-0.4357997 1.7386082 -1.0291044
-0.08673385 1.7386082 -1.0291044
0.262332 1.7386082 -1.0291044
0.61139786 1.7386082 -1.0291044
0.9604637 1.7386082 -1.0291044
1.3095295 1.7386082 -1.0291044
1.6585954 1.7386082 -1.0291044
2.0076613 1.7386082 -1.0291044
2.3567271 1.7386082 -1.0291044
2.705793 1.7386082 -1.0291044
3.054859 1.7386082 -1.0291044
-2.9197342 1.7461843 -0.6831687
-2.5706685 1.7461843 -0.6831687
-2.2216027 1.7461843 -0.6831687
-1.8725368 1.7461843 -0.6831687
-1.5234709 1.7461843 -0.6831687
-1.174405 1.7461843 -0.6831687
-0.8253392 1.7461843 -0.6831687
-0.47627333 1.7461843 -0.6831687
-0.12720747 1.7461843 -0.6831687
0.22185838 1.7461843 -0.6831687
0.5709242 1.7461843 -0.6831687
0.91999006 1.7461843 -0.6831687
1.269056 1.7461843 -0.6831687
1.6181217 1.7461843 -0.6831687
1.9671876 1.7461843 -0.6831687
2.3162534 1.7461843 -0.6831687
2.6653194 1.7461843 -0.6831687
3.0143852 1.7461843 -0.6831687
-3.028371 1.7452558 -0.3455962
-2.6793053 1.7452558 -0.3455962
-2.3302395 1.7452558 -0.3455962
-1.9811736 1.7452558 -0.3455962
-1.6321077 1.7452558 -0.3455962
-1.283042 1.7452558 -0.3455962
-0.93397605 1.7452558 -0.3455962
-0.5849102 1.7452558 -0.3455962
-0.23584436 1.7452558 -0.3455962
0.1132215 1.7452558 -0.3455962
0.46228734 1.7452558 -0.3455962
0.8113532 1.7452558 -0.3455962
1.160419 1.7452558 -0.3455962
1.5094849 1.7452558 -0.3455962
1.8585508 1.7452558 -0.3455962
2.2076166 1.7452558 -0.3455962
2.5566823 1.7452558 -0.3455962
2.9057484 1.7452558 -0.3455962
-2.7925267 1.7371476 -3.943049e-11
-2.443461 1.7371476 -3.926016e-11
-2.0943952 1.7371476 1.3695309e-11
-1.7453293 1.7371476 -6.135113e-11
-1.3962634 1.7371476 -5.0689928e-11
-1.0471976 1.7371476 -8.908522e-11
-0.6981317 1.7371476 -7.09423e-11
-0.34906584 1.7371476 -6.484334e-11
7.648223e-09 1.7371476 -5.7414004e-11
0.34906587 1.7371476 -3.0790984e-11
0.6981317 1.7371476 -4.2709558e-11
1.0471976 1.7371476 -3.2393286e-11
1.3962634 1.7371476 -7.589516e-11
1.7453293 1.7371476 -6.71612e-11
2.0943952 1.7371476 -1.2549962e-10
2.443461 1.7371476 -7.0885735e-11
2.7925267 1.7371476 -7.2903045e-11
-3.1415927 1.7371476 -6.601222e-11
-2.5566823 1.7452558 0.3455962
-2.2076166 1.7452558 0.3455962
-1.8585508 1.7452558 0.3455962
-1.5094849 1.7452558 0.3455962
-1.160419 1.7452558 0.3455962
-0.8113532 1.7452558 0.3455962
-0.46228734 1.7452558 0.3455962
-0.11322149 1.7452558 0.3455962
0.23584436 1.7452558 0.3455962
0.5849102 1.7452558 0.3455962
0.93397605 1.7452558 0.3455962
1.283042 1.7452558 0.3455962
1.6321077 1.7452558 0.3455962
1.9811736 1.7452558 0.3455962
2.3302395 1.7452558 0.3455962
2.6793053 1.7452558 0.3455962
3.028371 1.7452558 0.3455962
-2.9057484 1.7452558 0.3455962
-2.6653194 1.7461843 0.6831687
-2.3162534 1.7461843 0.6831687
-1.9671876 1.7461843 0.6831687
-1.6181217 1.7461843 0.6831687
-1.269056 1.7461843 0.6831687
-0.91999006 1.7461843 0.6831687
-0.5709242 1.7461843 0.6831687
-0.22185838 1.7461843 0.6831687
0.12720747 1.7461843 0.6831687
0.47627333 1.7461843 0.6831687
0.8253392 1.7461843 0.6831687
1.174405 1.7461843 0.6831687
1.5234709 1.7461843 0.6831687
1.8725368 1.7461843 0.6831687
2.2216027 1.7461843 0.6831687
2.5706685 1.7461843 0.6831687
2.9197342 1.7461843 0.6831687
-3.0143852 1.7461843 0.6831687
-2.705793 1.7386082 1.0291044
-2.3567271 1.7386082 1.0291044
-2.0076613 1.7386082 1.0291044
-1.6585954 1.7386082 1.0291044
-1.3095295 1.7386082 1.0291044
-0.9604637 1.7386082 1.0291044
-0.61139786 1.7386082 1.0291044
-0.262332 1.7386082 1.0291044
0.08673385 1.7386082 1.0291044
0.4357997 1.7386082 1.0291044
0.78486556 1.7386082 1.0291044
1.1339314 1.7386082 1.0291044
1.4829973 1.7386082 1.0291044
1.8320631 1.7386082 1.0291044
2.181129 1.7386082 1.0291044
2.5301948 1.7386082 1.0291044
2.8792605 1.7386082 1.0291044
-3.054859 1.7386082 1.0291044
-2.7121577 1.7335402 1.3905824
-2.3630917 1.7335402 1.3905824
-2.014026 1.7335402 1.3905824
-1.66496 1.7335402 1.3905824
-1.3158942 1.7335402 1.3905824
-0.96682835 1.7335402 1.3905824
-0.6177625 1.7335402 1.3905824
-0.26869667 1.7335402 1.3905824
0.0803692 1.7335402 1.3905824
0.42943504 1.7335402 1.3905824
0.7785009 1.7335402 1.3905824
1.1275667 1.7335402 1.3905824
1.4766326 1.7335402 1.3905824
1.8256985 1.7335402 1.3905824
2.1747644 1.7335402 1.3905824
2.5238302 1.7335402 1.3905824
2.872896 1.7335402 1.3905824
-3.0612235 1.7335402 1.3905824
-2.8573854 1.736943 1.7526172
-2.5083194 1.736943 1.7526172
-2.1592536 1.736943 1.7526172
-1.8101878 1.736943 1.7526172
-1.4611219 1.736943 1.7526172
-1.112056 1.736943 1.7526172
-0.76299024 1.736943 1.7526172
-0.41392437 1.736943 1.7526172
-0.06485851 1.736943 1.7526172
0.28420734 1.736943 1.7526172
0.6332732 1.736943 1.7526172
0.982339 1.736943 1.7526172
1.3314049 1.736943 1.7526172
1.6804707 1.736943 1.7526172
2.0295365 1.736943 1.7526172
2.3786025 1.736943 1.7526172
2.7276683 1.736943 1.7526172
3.076734 1.736943 1.7526172
-2.8836253 1.7411869 2.1052523
-2.5345592 1.7411869 2.1052523
-2.1854935 1.7411869 2.1052523
-1.8364277 1.7411869 2.1052523
-1.4873618 1.7411869 2.1052523
-1.138296 1.7411869 2.1052523
-0.7892301 1.7411869 2.1052523
-0.44016424 1.7411869 2.1052523
-0.0910984 1.7411869 2.1052523
0.25796744 1.7411869 2.1052523
0.6070333 1.7411869 2.1052523
0.95609915 1.7411869 2.1052523
1.305165 1.7411869 2.1052523
1.6542308 1.7411869 2.1052523
2.0032966 1.7411869 2.1052523
2.3523626 1.7411869 2.1052523
2.7014284 1.7411869 2.1052523
3.0504942 1.7411869 2.1052523
-2.9150605 1.7424116 2.4551086
-2.5659947 1.7424116 2.4551086
-2.216929 1.7424116 2.4551086
-1.867863 1.7424116 2.4551086
-1.5187972 1.7424116 2.4551086
-1.1697313 1.7424116 2.4551086
-0.8206655 1.7424116 2.4551086
-0.4715996 1.7424116 2.4551086
-0.12253376 1.7424116 2.4551086
0.22653209 1.7424116 2.4551086
0.57559794 1.7424116 2.4551086
0.9246638 1.7424116 2.4551086
1.2737297 1.7424116 2.4551086
1.6227955 1.7424116 2.4551086
1.9718614 1.7424116 2.4551086
2.3209271 1.7424116 2.4551086
2.6699932 1.7424116 2.4551086
3.019059 1.7424116 2.4551086
-2.678164 1.7402499 2.8003826
-2.3290982 1.7402499 2.8003826
-1.9800323 1.7402499 2.8003826
-1.6309664 1.7402499 2.8003826
-1.2819006 1.7402499 2.8003826
-0.93283474 1.7402499 2.8003826
-0.5837689 1.7402499 2.8003826
-0.23470305 1.7402499 2.8003826
0.114362806 1.7402499 2.8003826
0.46342865 1.7402499 2.8003826
0.8124945 1.7402499 2.8003826
1.1615603 1.7402499 2.8003826
1.5106262 1.7402499 2.8003826
1.8596921 1.7402499 2.8003826
2.2087579 1.7402499 2.8003826
2.5578237 1.7402499 2.8003826
2.9068897 1.7402499 2.8003826
-3.0272298 1.7402499 2.8003826
-2.7925267 1.7464886 3.1415927
-2.443461 1.7464886 -3.1415927
-2.0943952 1.7464886 3.1415927
-1.7453293 1.7464886 -3.1415927
-1.3962634 1.7464887 3.1415927
-1.0471976 1.7464885 -3.1415927
-0.6981317 1.7464887 3.1415927
-0.34906584 1.7464885 -3.1415927
-1.0928507e-10 1.7464887 -3.1415927
0.34906584 1.7464885 3.1415927
0.6981317 1.7464887 -3.1415927
1.0471976 1.7464886 3.1415927
1.3962634 1.7464886 -3.1415927
1.7453293 1.7464886 3.1415927
2.0943952 1.7464886 -3.1415927
2.443461 1.7464887 -3.1415927
2.7925267 1.7464886 3.1415927
3.1415927 1.7464886 -3.1415927
-2.7843423 2.0785894 -2.7538261
-2.4352765 2.0785894 -2.7538261
-2.0862107 2.0785894 -2.7538261
-1.7371448 2.0785894 -2.7538261
-1.3880789 2.0785894 -2.7538261
-1.0390131 2.0785894 -2.7538261
-0.68994725 2.0785894 -2.7538261
-0.34088138 2.0785894 -2.7538261
0.008184455 2.0785894 -2.7538261
0.3572503 2.0785894 -2.7538261
0.7063162 2.0785894 -2.7538261
1.055382 2.0785894 -2.7538261
1.4044479 2.0785894 -2.7538261
1.7535137 2.0785894 -2.7538261
2.1025796 2.0785894 -2.7538261
2.4516454 2.0785894 -2.7538261
2.8007112 2.0785894 -2.7538261
-3.1334083 2.0785894 -2.7538261
-2.8070033 2.0764203 -2.3495452
-2.4579375 2.0764203 -2.3495452
-2.1088715 2.0764203 -2.3495452
-1.7598057 2.0764203 -2.3495452
-1.4107399 2.0764203 -2.3495452
-1.061674 2.0764203 -2.3495452
-0.71260816 2.0764203 -2.3495452
-0.36354232 2.0764203 -2.3495452
-0.014476469 2.0764203 -2.3495452
0.3345894 2.0764203 -2.3495452
0.6836552 2.0764203 -2.3495452
1.032721 2.0764203 -2.3495452
1.381787 2.0764203 -2.3495452
1.7308527 2.0764203 -2.3495452
2.0799186 2.0764203 -2.3495452
2.4289844 2.0764203 -2.3495452
2.7780504 2.0764203 -2.3495452
3.1271162 2.0764203 -2.3495452
-2.8160284 2.0811954 -1.9550493
-2.4669626 2.0811954 -1.9550493
-2.1178968 2.0811954 -1.9550493
-1.7688309 2.0811954 -1.9550493
-1.419765 2.0811954 -1.9550493
-1.0706992 2.0811954 -1.9550493
-0.7216333 2.0811954 -1.9550493
-0.37256747 2.0811954 -1.9550493
-0.023501616 2.0811954 -1.9550493
0.32556424 2.0811954 -1.9550493
0.6746301 2.0811954 -1.9550493
1.023696 2.0811954 -1.9550493
1.3727617 2.0811954 -1.9550493
1.7218276 2.0811954 -1.9550493
2.0708935 2.0811954 -1.9550493
2.4199593 2.0811954 -1.9550493
2.769025 2.0811954 -1.9550493
3.118091 2.0811954 -1.9550493
-2.814803 2.0602655 -1.5701642
-2.465737 2.0602655 -1.5701642
-2.1166713 2.0602655 -1.5701642
-1.7676054 2.0602655 -1.5701642
-1.4185395 2.0602655 -1.5701642
-1.0694736 2.0602655 -1.5701642
-0.72040784 2.0602655 -1.5701642
-0.37134197 2.0602655 -1.5701642
-0.022276122 2.0602655 -1.5701642
0.32678974 2.0602655 -1.5701642
0.6758556 2.0602655 -1.5701642
1.0249214 2.0602655 -1.5701642
1.3739873 2.0602655 -1.5701642
1.7230531 2.0602655 -1.5701642
2.072119 2.0602655 -1.5701642
2.4211848 2.0602655 -1.5701642
2.7702508 2.0602655 -1.5701642
3.1193166 2.0602655 -1.5701642
-2.7749429 2.064964 -1.1806055
-2.425877 2.064964 -1.1806055
-2.076811 2.064964 -1.1806055
-1.7277453 2.064964 -1.1806055
-1.3786795 2.064964 -1.1806055
-1.0296136 2.064964 -1.1806055
-0.6805478 2.064964 -1.1806055
-0.33148193 2.064964 -1.1806055
0.017583929 2.064964 -1.1806055
0.36664978 2.064964 -1.1806055
0.71571565 2.064964 -1.1806055
1.0647814 2.064964 -1.1806055
1.4138473 2.064964 -1.1806055
1.7629132 2.064964 -1.1806055
2.111979 2.064964 -1.1806055
2.4610448 2.064964 -1.1806055
2.8101108 2.064964 -1.1806055
-3.1240087 2.064964 -1.1806055
-2.7868218 2.0870693 -0.7836815
-2.4377558 2.0870693 -0.7836815
-2.08869 2.0870693 -0.7836815
-1.7396243 2.0870693 -0.7836815
-1.3905584 2.0870693 -0.7836815
-1.0414926 2.0870693 -0.7836815
-0.6924267 2.0870693 -0.7836815
-0.34336084 2.0870693 -0.7836815
0.0057050195 2.0870693 -0.7836815
0.35477087 2.0870693 -0.7836815
0.70383674 2.0870693 -0.7836815
1.0529026 2.0870693 -0.7836815
1.4019685 2.0870693 -0.7836815
1.7510343 2.0870693 -0.7836815
2.1001 2.0870693 -0.7836815
2.449166 2.0870693 -0.7836815
2.7982318 2.0870693 -0.7836815
-3.1358876 2.0870693 -0.7836815
-2.7979786 2.0947948 -0.39207265
-2.4489129 2.0947948 -0.39207265
-2.0998468 2.0947948 -0.39207265
-1.750781 2.0947948 -0.39207265
-1.4017152 2.0947948 -0.39207265
-1.0526494 2.0947948 -0.39207265
-0.7035835 2.0947948 -0.39207265
-0.35451764 2.0947948 -0.39207265
-0.0054517905 2.0947948 -0.39207265
0.34361407 2.0947948 -0.39207265
0.6926799 2.0947948 -0.39207265
1.0417458 2.0947948 -0.39207265
1.3908116 2.0947948 -0.39207265
1.7398775 2.0947948 -0.39207265
2.0889432 2.0947948 -0.39207265
2.4380093 2.0947948 -0.39207265
2.787075 2.0947948 -0.39207265
3.1361408 2.0947948 -0.39207265
-2.7925267 2.070779 2.8197536e-10
-2.443461 2.070779 8.189144e-11
-2.0943952 2.070779 3.250022e-10
-1.7453293 2.070779 7.458351e-11
-1.3962634 2.070779 3.0721004e-10
-1.0471976 2.070779 1.5263524e-10
-0.6981317 2.070779 2.4320887e-10
-0.34906587 2.070779 1.9892801e-10
-5.3997664e-09 2.070779 1.7813466e-10
0.34906584 2.070779 2.462756e-10
0.6981317 2.070779 1.3388984e-10
1.0471976 2.070779 2.7228061e-10
1.3962634 2.070779 1.0386867e-10
1.7453293 2.070779 3.3507813e-10
2.0943952 2.070779 1.0167521e-10
2.443461 2.070779 2.9917027e-10
2.7925267 2.070779 1.7341764e-10
3.1415927 2.070779 1.8753855e-10
-2.787075 2.0947948 0.39207265
-2.4380093 2.0947948 0.39207265
-2.0889432 2.0947948 0.39207265
-1.7398775 2.0947948 0.39207265
-1.3908116 2.0947948 0.39207265
-1.0417458 2.0947948 0.39207265
-0.69267994 2.0947948 0.39207265
-0.34361407 2.0947948 0.39207265
0.0054517887 2.0947948 0.39207265
0.35451764 2.0947948 0.39207265
0.7035835 2.0947948 0.39207265
1.0526494 2.0947948 0.39207265
1.4017152 2.0947948 0.39207265
1.750781 2.0947948 0.39207265
2.0998468 2.0947948 0.39207265
2.4489129 2.0947948 0.39207265
2.7979786 2.0947948 0.39207265
-3.1361408 2.0947948 0.39207265
-2.7982318 2.0870693 0.7836815
-2.449166 2.0870693 0.7836815
-2.1001 2.0870693 0.7836815
-1.7510343 2.0870693 0.7836815
-1.4019685 2.0870693 0.7836815
-1.0529026 2.0870693 0.7836815
-0.70383674 2.0870693 0.7836815
-0.35477087 2.0870693 0.7836815
-0.0057050195 2.0870693 0.7836815
0.34336084 2.0870693 0.7836815
0.6924267 2.0870693 0.7836815
1.0414926 2.0870693 0.7836815
1.3905584 2.0870693 0.7836815
1.7396243 2.0870693 0.7836815
2.08869 2.0870693 0.7836815
2.4377558 2.0870693 0.7836815
2.7868218 2.0870693 0.7836815
3.1358876 2.0870693 0.7836815
-2.8101108 2.064964 1.1806055
-2.4610448 2.064964 1.1806055
-2.111979 2.064964 1.1806055
-1.7629132 2.064964 1.1806055
-1.4138473 2.064964 1.1806055
-1.0647814 2.064964 1.1806055
-0.71571565 2.064964 1.1806055
-0.36664978 2.064964 1.1806055
-0.017583929 2.064964 1.1806055
0.33148193 2.064964 1.1806055
0.6805478 2.064964 1.1806055
1.0296136 2.064964 1.1806055
1.3786795 2.064964 1.1806055
1.7277453 2.064964 1.1806055
2.076811 2.064964 1.1806055
2.425877 2.064964 1.1806055
2.7749429 2.064964 1.1806055
3.1240087 2.064964 1.1806055
-2.7702508 2.0602655 1.5701642
-2.4211848 2.0602655 1.5701642
-2.072119 2.0602655 1.5701642
-1.7230531 2.0602655 1.5701642
-1.3739873 2.0602655 1.5701642
-1.0249214 2.0602655 1.5701642
-0.6758556 2.0602655 1.5701642
-0.32678974 2.0602655 1.5701642
0.022276122 2.0602655 1.5701642
0.37134197 2.0602655 1.5701642
0.72040784 2.0602655 1.5701642
1.0694736 2.0602655 1.5701642
1.4185395 2.0602655 1.5701642
1.7676054 2.0602655 1.5701642
2.1166713 2.0602655 1.5701642
2.465737 2.0602655 1.5701642
2.814803 2.0602655 1.5701642
-3.1193166 2.0602655 1.5701642
-2.769025 2.0811954 1.9550493
-2.4199593 2.0811954 1.9550493
-2.0708935 2.0811954 1.9550493
-1.7218276 2.0811954 1.9550493
-1.3727617 2.0811954 1.9550493
-1.023696 2.0811954 1.9550493
-0.6746301 2.0811954 1.9550493
-0.32556424 2.0811954 1.9550493
0.023501616 2.0811954 1.9550493
0.37256747 2.0811954 1.9550493
0.7216333 2.0811954 1.9550493
1.0706992 2.0811954 1.9550493
1.419765 2.0811954 1.9550493
1.7688309 2.0811954 1.9550493
2.1178968 2.0811954 1.9550493
2.4669626 2.0811954 1.9550493
2.8160284 2.0811954 1.9550493
-3.118091 2.0811954 1.9550493
-2.7780504 2.0764203 2.3495452
-2.4289844 2.0764203 2.3495452
-2.0799186 2.0764203 2.3495452
-1.7308527 2.0764203 2.3495452
-1.381787 2.0764203 2.3495452
-1.032721 2.0764203 2.3495452
-0.6836552 2.0764203 2.3495452
-0.3345894 2.0764203 2.3495452
0.01447647 2.0764203 2.3495452
0.36354232 2.0764203 2.3495452
0.71260816 2.0764203 2.3495452
1.061674 2.0764203 2.3495452
1.4107399 2.0764203 2.3495452
1.7598057 2.0764203 2.3495452
2.1088715 2.0764203 2.3495452
2.4579375 2.0764203 2.3495452
2.8070033 2.0764203 2.3495452
-3.1271162 2.0764203 2.3495452
-2.8007112 2.0785894 2.7538261
-2.4516454 2.0785894 2.7538261
-2.1025796 2.0785894 2.7538261
-1.7535137 2.0785894 2.7538261
-1.4044479 2.0785894 2.7538261
-1.055382 2.0785894 2.7538261
-0.7063162 2.0785894 2.7538261
-0.3572503 2.0785894 2.7538261
-0.008184455 2.0785894 2.7538261
0.34088138 2.0785894 2.7538261
0.68994725 2.0785894 2.7538261
1.0390131 2.0785894 2.7538261
1.3880789 2.0785894 2.7538261
1.7371448 2.0785894 2.7538261
2.0862107 2.0785894 2.7538261
2.4352765 2.0785894 2.7538261
2.7843423 2.0785894 2.7538261
3.1334083 2.0785894 2.7538261
-2.7925267 2.0962071 3.1415927
-2.443461 2.0962074 3.1415927
-2.0943952 2.0962074 3.1415927
-1.7453293 2.0962074 -3.1415927
-1.3962634 2.0962074 3.1415927
-1.0471976 2.0962071 -3.1415927
-0.6981317 2.0962074 3.1415927
-0.34906584 2.0962071 -3.1415927
-6.936377e-12 2.0962074 -3.1415927
0.34906584 2.0962071 3.1415927
0.6981317 2.0962074 -3.1415927
1.0471976 2.0962071 3.1415927
1.3962634 2.0962074 -3.1415927
1.7453293 2.0962074 3.1415927
2.0943952 2.0962071 -3.1415927
2.443461 2.0962074 -3.1415927
2.7925267 2.0962071 3.1415927
-3.1415927 2.0962074 -3.1415927
-2.9077363 2.4064846 -2.616702
-2.5586705 2.4064846 -2.616702
-2.2096047 2.4064846 -2.616702
-1.8605387 2.4064846 -2.616702
-1.511473 2.4064846 -2.616702
-1.162407 2.4064846 -2.616702
-0.8133412 2.4064846 -2.616702
-0.4642754 2.4064846 -2.616702
-0.11520953 2.4064846 -2.616702
0.23385632 2.4064846 -2.616702
0.58292216 2.4064846 -2.616702
0.931988 2.4064846 -2.616702
1.2810539 2.4064846 -2.616702
1.6301197 2.4064846 -2.616702
1.9791856 2.4064846 -2.616702
2.3282514 2.4064846 -2.616702
2.6773174 2.4064846 -2.616702
3.0263832 2.4064846 -2.616702
-2.7473884 2.4158053 -2.1050603
-2.3983223 2.4158053 -2.1050603
-2.0492566 2.4158053 -2.1050603
-1.7001907 2.4158053 -2.1050603
-1.3511249 2.4158053 -2.1050603
-1.002059 2.4158053 -2.1050603
-0.65299314 2.4158053 -2.1050603
-0.3039273 2.4158053 -2.1050603
0.04513855 2.4158053 -2.1050603
0.3942044 2.4158053 -2.1050603
0.7432703 2.4158053 -2.1050603
1.092336 2.4158053 -2.1050603
1.441402 2.4158053 -2.1050603
1.7904679 2.4158053 -2.1050603
2.1395338 2.4158053 -2.1050603
2.4885995 2.4158053 -2.1050603
2.8376653 2.4158053 -2.1050603
-3.0964541 2.4158053 -2.1050603
-2.6976933 2.4029043 -1.5635003
-2.3486276 2.4029043 -1.5635003
-1.9995617 2.4029043 -1.5635003
-1.6504958 2.4029043 -1.5635003
-1.30143 2.4029043 -1.5635003
-0.9523641 2.4029043 -1.5635003
-0.60329825 2.4029043 -1.5635003
-0.2542324 2.4029043 -1.5635003
0.09483345 2.4029043 -1.5635003
0.4438993 2.4029043 -1.5635003
0.7929652 2.4029043 -1.5635003
1.142031 2.4029043 -1.5635003
1.4910969 2.4029043 -1.5635003
1.8401628 2.4029043 -1.5635003
2.1892285 2.4029043 -1.5635003
2.5382943 2.4029043 -1.5635003
2.8873603 2.4029043 -1.5635003
-3.0467591 2.4029043 -1.5635003
-2.8457518 2.4033604 -1.0589048
-2.496686 2.4033604 -1.0589048
-2.14762 2.4033604 -1.0589048
-1.7985542 2.4033604 -1.0589048
-1.4494883 2.4033604 -1.0589048
-1.1004225 2.4033604 -1.0589048
-0.75135666 2.4033604 -1.0589048
-0.4022908 2.4033604 -1.0589048
-0.053224932 2.4033604 -1.0589048
0.29584092 2.4033604 -1.0589048
0.64490676 2.4033604 -1.0589048
0.9939726 2.4033604 -1.0589048
1.3430384 2.4033604 -1.0589048
1.6921043 2.4033604 -1.0589048
2.0411701 2.4033604 -1.0589048
2.3902361 2.4033604 -1.0589048
2.739302 2.4033604 -1.0589048
3.0883677 2.4033604 -1.0589048
-2.6717749 2.4364588 -0.52550757
-2.3227088 2.4364588 -0.52550757
-1.9736431 2.4364588 -0.5255075
-1.6245773 2.4364588 -0.52550757
-1.2755114 2.4364588 -0.52550757
-0.92644554 2.4364588 -0.52550757
-0.57737964 2.4364588 -0.52550757
-0.22831382 2.4364588 -0.52550757
0.12075203 2.4364588 -0.52550757
0.46981788 2.4364588 -0.52550757
0.8188837 2.4364588 -0.52550757
1.1679496 2.4364588 -0.5255075
1.5170155 2.4364588 -0.52550757
1.8660812 2.4364588 -0.5255075
2.215147 2.4364588 -0.52550757
2.564213 2.4364588 -0.5255075
2.9132788 2.4364588 -0.52550757
-3.0208406 2.4364588 -0.52550757
-2.7925267 2.410029 -2.402182e-10
-2.443461 2.4100287 7.7903343e-11
-2.0943952 2.410029 -3.0459074e-10
-1.7453293 2.410029 7.426057e-11
-1.3962634 2.410029 -2.7451794e-10
-1.0471976 2.410029 1.3587903e-11
-0.6981317 2.410029 -1.6929762e-10
-0.34906584 2.410029 -1.09087385e-10
2.4618225e-09 2.410029 -8.349778e-11
0.34906584 2.410029 -1.5981046e-10
0.6981317 2.410029 1.1688696e-11
1.0471976 2.410029 -2.8649544e-10
1.3962634 2.410029 8.645752e-11
1.7453293 2.410029 -2.9065392e-10
2.0943952 2.410029 4.793866e-11
2.443461 2.4100287 -2.3401847e-10
2.7925267 2.410029 -5.7907533e-11
-3.1415927 2.4100287 -6.963531e-11
-2.9132788 2.4364588 0.52550757
-2.564213 2.4364588 0.5255075
-2.215147 2.4364588 0.52550757
-1.8660812 2.4364588 0.5255075
-1.5170155 2.4364588 0.52550757
-1.1679496 2.4364588 0.5255075
-0.8188837 2.4364588 0.52550757
-0.46981788 2.4364588 0.52550757
-0.12075203 2.4364588 0.52550757
0.22831382 2.4364588 0.52550757
0.5773797 2.4364588 0.5255075
0.92644554 2.4364588 0.52550757
1.2755114 2.4364588 0.5255075
1.6245773 2.4364588 0.52550757
1.9736431 2.4364588 0.5255075
2.3227088 2.4364588 0.52550757
2.6717749 2.4364588 0.52550757
3.0208406 2.4364588 0.52550757
-2.739302 2.4033604 1.0589048
-2.3902361 2.4033604 1.0589048
-2.0411701 2.4033604 1.0589048
-1.6921043 2.4033604 1.0589048
-1.3430384 2.4033604 1.0589048
-0.9939726 2.4033604 1.0589048
-0.64490676 2.4033604 1.0589048
-0.29584092 2.4033604 1.0589048
0.053224932 2.4033604 1.0589048
0.4022908 2.4033604 1.0589048
0.75135666 2.4033604 1.0589048
1.1004225 2.4033604 1.0589048
1.4494883 2.4033604 1.0589048
1.7985542 2.4033604 1.0589048
2.14762 2.4033604 1.0589048
2.496686 2.4033604 1.0589048
2.8457518 2.4033604 1.0589048
-3.0883677 2.4033604 1.0589048
-2.8873603 2.4029043 1.5635003
-2.5382943 2.4029043 1.5635003
-2.1892285 2.4029043 1.5635003
-1.8401628 2.4029043 1.5635003
-1.4910969 2.4029043 1.5635003
-1.142031 2.4029043 1.5635003
-0.7929652 2.4029043 1.5635003
-0.4438993 2.4029043 1.5635003
-0.09483345 2.4029043 1.5635003
0.2542324 2.4029043 1.5635003
0.60329825 2.4029043 1.5635003
0.9523641 2.4029043 1.5635003
1.30143 2.4029043 1.5635003
1.6504958 2.4029043 1.5635003
1.9995617 2.4029043 1.5635003
2.3486276 2.4029043 1.5635003
2.6976933 2.4029043 1.5635003
3.0467591 2.4029043 1.5635003
-2.8376653 2.4158053 2.1050603
-2.4885995 2.4158053 2.1050603
-2.1395338 2.4158053 2.1050603
-1.7904679 2.4158053 2.1050603
-1.441402 2.4158053 2.1050603
-1.092336 2.4158053 2.1050603
-0.7432703 2.4158053 2.1050603
-0.3942044 2.4158053 2.1050603
-0.04513855 2.4158053 2.1050603
0.3039273 2.4158053 2.1050603
0.65299314 2.4158053 2.1050603
1.002059 2.4158053 2.1050603
1.3511249 2.4158053 2.1050603
1.7001907 2.4158053 2.1050603
2.0492566 2.4158053 2.1050603
2.3983223 2.4158053 2.1050603
2.7473884 2.4158053 2.1050603
3.0964541 2.4158053 2.1050603
-2.6773174 2.4064846 2.616702
-2.3282514 2.4064846 2.616702
-1.9791856 2.4064846 2.616702
-1.6301197 2.4064846 2.616702
-1.2810539 2.4064846 2.616702
-0.931988 2.4064846 2.616702
-0.58292216 2.4064846 2.616702
-0.23385632 2.4064846 2.616702
0.11520953 2.4064846 2.616702
0.4642754 2.4064846 2.616702
0.8133412 2.4064846 2.616702
1.162407 2.4064846 2.616702
1.511473 2.4064846 2.616702
1.8605387 2.4064846 2.616702
2.2096047 2.4064846 2.616702
2.5586705 2.4064846 2.616702
2.9077363 2.4064846 2.616702
-3.0263832 2.4064846 2.616702
-2.7925267 2.4442425 3.1415927
-2.443461 2.4442427 -3.1415927
-2.0943952 2.4442425 3.1415927
-1.7453293 2.4442425 -3.1415927
-1.3962634 2.4442427 3.1415927
-1.0471976 2.4442425 -3.1415927
-0.6981317 2.4442427 3.1415927
-0.34906584 2.4442425 -3.1415927
-3.0197703e-10 2.4442427 -3.1415927
0.34906584 2.4442425 3.1415927
0.6981317 2.4442427 -3.1415927
1.0471976 2.4442425 3.1415927
1.3962634 2.4442427 -3.1415927
1.7453293 2.4442427 3.1415927
2.0943952 2.4442425 -3.1415927
2.443461 2.4442427 3.1415927
2.7925267 2.4442425 3.1415927
3.1415927 2.4442427 -3.1415927
-2.7759635 2.757928 -2.6723733
-2.4268978 2.757928 -2.6723733
-2.0778317 2.757928 -2.6723733
-1.728766 2.757928 -2.6723733
-1.3797001 2.757928 -2.6723733
-1.0306342 2.757928 -2.6723733
-0.68156844 2.757928 -2.6723735
-0.33250248 2.757928 -2.6723733
0.01656327 2.757928 -2.6723735
0.36562923 2.757928 -2.6723733
0.714695 2.757928 -2.6723735
1.0637609 2.757928 -2.6723733
1.4128267 2.757928 -2.6723735
1.7618926 2.757928 -2.6723733
2.1109583 2.757928 -2.6723733
2.4600244 2.757928 -2.6723733
2.8090901 2.757928 -2.6723733
-3.1250293 2.757928 -2.6723733
-2.7432284 2.7393825 -1.7803322
-2.3941627 2.7393825 -1.7803322
-2.0450966 2.7393825 -1.7803322
-1.6960309 2.7393825 -1.7803322
-1.346965 2.7393825 -1.7803322
-0.9978991 2.7393825 -1.7803322
-0.6488333 2.7393825 -1.7803322
-0.29976743 2.7393825 -1.7803322
0.04929839 2.7393825 -1.7803322
0.39836428 2.7393825 -1.7803322
0.7474301 2.7393825 -1.7803322
1.096496 2.7393825 -1.7803322
1.4455618 2.7393825 -1.7803322
1.7946277 2.7393825 -1.7803322
2.1436934 2.7393825 -1.7803322
2.4927595 2.7393825 -1.7803322
2.8418252 2.7393825 -1.7803322
-3.0922942 2.7393825 -1.7803322
-2.8191497 2.7541425 -0.91642606
-2.4700837 2.7541425 -0.91642606
-2.121018 2.7541425 -0.91642606
-1.7719522 2.7541425 -0.91642606
-1.4228863 2.7541425 -0.91642606
-1.0738205 2.7541425 -0.91642606
-0.7247546 2.7541425 -0.91642606
-0.37568873 2.7541425 -0.91642606
-0.026622875 2.7541425 -0.91642606
0.32244298 2.7541425 -0.91642606
0.67150885 2.7541425 -0.91642606
1.0205747 2.7541425 -0.91642606
1.3696405 2.7541425 -0.91642606
1.7187064 2.7541425 -0.91642606
2.0677722 2.7541425 -0.91642606
2.4168382 2.7541425 -0.91642606
2.765904 2.7541425 -0.91642606
3.1149697 2.7541425 -0.91642606
-2.7925267 2.761074 1.9176962e-09
-2.443461 2.761074 -3.110228e-09
-2.0943952 2.761074 3.322718e-09
-1.7453293 2.761074 -3.2767271e-09
-1.3962634 2.761074 2.3865747e-09
-1.0471976 2.761074 -1.6372065e-09
-0.6981317 2.761074 5.334331e-10
-0.34906584 2.761074 -2.3630488e-11
-1.1645813e-09 2.761074 -5.8944316e-10
0.34906584 2.761074 7.7384166e-10
0.6981317 2.761074 -1.5226743e-09
1.0471976 2.761074 2.0347533e-09
1.3962634 2.761074 -2.863084e-09
1.7453293 2.761074 3.029767e-09
2.0943952 2.761074 -3.0596887e-09
2.443461 2.761074 2.080115e-09
2.7925267 2.761074 -9.691528e-10
3.1415927 2.761074 -7.1434914e-10
-2.765904 2.7541425 0.91642606
-2.4168382 2.7541425 0.91642606
-2.0677722 2.7541425 0.91642606
-1.7187064 2.7541425 0.91642606
-1.3696405 2.7541425 0.91642606
-1.0205747 2.7541425 0.91642606
-0.67150885 2.7541425 0.91642606
-0.32244298 2.7541425 0.91642606
0.026622873 2.7541425 0.91642606
0.37568873 2.7541425 0.91642606
0.7247546 2.7541425 0.91642606
1.0738205 2.7541425 0.91642606
1.4228863 2.7541425 0.91642606
1.7719522 2.7541425 0.91642606
2.121018 2.7541425 0.91642606
2.4700837 2.7541425 0.91642606
2.8191497 2.7541425 0.91642606
-3.1149697 2.7541425 0.91642606
-2.8418252 2.7393825 1.7803322
-2.4927595 2.7393825 1.7803322
-2.1436934 2.7393825 1.7803322
-1.7946277 2.7393825 1.7803322
-1.4455618 2.7393825 1.7803322
-1.096496 2.7393825 1.7803322
-0.7474301 2.7393825 1.7803322
-0.39836428 2.7393825 1.7803322
-0.0492984 2.7393825 1.7803322
0.29976743 2.7393825 1.7803322
0.6488333 2.7393825 1.7803322
0.9978992 2.7393825 1.7803322
1.346965 2.7393825 1.7803322
1.6960309 2.7393825 1.7803322
2.0450966 2.7393825 1.7803322
2.3941627 2.7393825 1.7803322
2.7432284 2.7393825 1.7803322
3.0922942 2.7393825 1.7803322
-2.8090901 2.757928 2.6723733
-2.4600244 2.757928 2.6723733
-2.1109583 2.757928 2.6723733
-1.7618926 2.757928 2.6723733
-1.4128267 2.757928 2.6723735
-1.0637609 2.757928 2.6723733
-0.714695 2.757928 2.6723735
-0.36562923 2.757928 2.6723733
-0.016563276 2.757928 2.6723735
0.3325025 2.757928 2.6723733
0.6815684 2.757928 2.6723735
1.0306343 2.757928 2.6723733
1.3797001 2.757928 2.6723733
1.728766 2.757928 2.6723733
2.0778317 2.757928 2.6723733
2.4268978 2.757928 2.6723733
2.7759635 2.757928 2.6723733
3.1250293 2.757928 2.6723733
0.34906578 3.137785 3.1415925
0.6981318 3.137785 -3.1415925
1.0471975 3.137785 3.1415925
1.3962635 3.137785 -3.1415925
1.7453291 3.137785 3.1415925
2.0943952 3.137785 -3.1415927
2.443461 3.137785 3.1415927
2.7925267 3.137785 3.1415927
-3.1415927 3.137785 -3.1415927
-2.7925267 3.137785 3.1415927
-2.443461 3.137785 -3.1415927
-2.0943952 3.137785 3.1415925
-1.7453291 3.137785 -3.1415925
-1.3962635 3.137785 3.1415925
-1.0471975 3.137785 -3.1415925
-0.69813174 3.137785 3.1415925
-0.34906584 3.137785 -3.1415927
1.5491892e-08 3.137785 -3.1415927
