0.25190008 1.4826797 1.9889972
-2.6688879 -0.54608154 0.8780039
-1.067074 1.9890354 1.7483695
2.597615 -3.0987391 2.3560622
2.817563 -2.8343382 1.0159162
-0.337093 1.9137008 2.460791
-1.529052 -0.6291681 1.9180882
2.5423775 2.5376673 1.2990733
1.861052 -2.874631 1.4593197
-1.372299 2.9465828 2.3454924
0.6900898 0.58474785 1.7072262
0.036504723 -2.2971892 2.3347974
-2.1191719 -1.9314448 2.1961534
1.6197077 2.4583995 0.9304625
-0.46874586 2.7956119 1.8882061
0.7300374 -0.044593185 0.8862008
1.1489259 2.500447 2.693045
-0.936514 2.1453862 2.9413555
-2.475036 1.5537473 2.2617834
-1.3015677 -1.4683365 0.81683534
0.17178413 -1.2339602 2.3207753
2.6783457 1.5123018 1.5396429
1.3308531 0.5850563 1.3707186
-1.4707053 1.9791313 1.836196
0.9139742 -2.4987252 0.8790365
-0.39644784 -1.6181326 1.2339557
0.67873275 2.8235722 1.8990886
2.580077 -0.16504885 0.878521
1.1385367 -0.94735295 1.772282
0.2876984 -0.41767257 1.7208152
0.91441935 -2.3893895 2.2045045
-2.595976 -0.27475232 2.4652328
-0.35852563 1.2336434 0.9504699
3.0524335 -1.0185418 1.3530725
-0.67190224 1.1330713 1.6199473
-2.1455307 -0.020551678 0.55468935
2.8664885 -1.1828547 1.7928921
-1.7046753 -2.9845378 1.02753
1.2004857 1.5572659 2.328448
-1.175068 0.396854 2.457799
1.800478 -1.8498207 1.6702731
-2.6005392 2.0644739 0.9480079
-0.2730799 2.350499 0.8549437
-1.2278483 -2.4090347 1.1275661
0.2884854 2.9623194 0.6249104
1.26594 1.3218558 0.6165074
2.2256982 2.1984572 1.8391259
1.6499414 1.565683 1.4522885
0.37822518 -0.5775125 0.36894503
-0.8528958 0.5685445 1.0255029
-1.3003684 -2.2256083 2.328734
2.676897 -2.1990597 1.8876586
1.830191 -0.4140767 1.2604117
0.49659404 1.3476359 1.3570004
-0.1865266 -2.7114947 1.1541516
1.9140449 -2.210029 2.6256275
3.0900474 1.5532556 0.63984877
-0.84917945 -2.5736578 1.6140815
0.8161731 -1.0148984 1.3679731
0.65469384 0.18453732 2.6579804
-1.7146717 0.99315304 2.0107367
-1.9638392 0.54879177 1.2947457
2.1631107 -1.4977083 0.68745124
2.4637287 1.0170553 0.71820843
-2.6428933 -1.343874 2.4066484
1.7965968 -0.38121784 2.7558813
-3.0416317 2.8688996 2.6285715
-2.2857573 0.035489205 1.5791869
1.390936 0.053440835 2.027961
1.0482601 0.50879526 0.34624138
1.4900975 -1.8534957 1.0706501
-2.618021 -1.462526 0.3293981
-2.2122953 2.9548168 1.9146034
-0.16528115 -0.34929448 1.3762116
-0.9030018 -0.36035213 2.887382
-1.0339593 2.2726493 2.8693128
2.9344814 1.6227567 2.9404664
-0.7680103 -0.9860236 2.186577
0.5806657 -2.1730504 1.4553154
-2.995812 0.37694386 1.4284955
2.6420097 0.8718747 2.0234017
-2.0551932 1.0215987 0.38182718
0.71976393 2.2487602 1.447457
-2.6426585 1.294454 1.5393982
1.8545351 1.1877217 1.9845147
-2.9750867 0.27565813 2.2048688
-2.8637278 -2.7164242 1.6713333
-1.0317483 -0.454512 0.9825351
-0.29757312 0.28920275 1.99397
1.8633128 -1.1837904 2.3303075
0.30639148 -1.4506575 0.6944117
2.0856454 -2.987964 0.3718694
-2.1518435 -1.6573229 1.3013011
1.3166916 2.3479073 1.5746454
-3.1209097 2.01866 1.965774
1.8144567 -3.027863 1.8215845
-1.0978948 2.2277935 1.3292559
2.313225 -0.12139231 1.7567745
-2.9489365 -2.0317242 0.97273475
-2.3011081 2.8619041 0.88858753
